 Loading the index...
 Index loaded 11650405492 bytes
0;5000;20417645
1;5000;1250934183
2;5000;33141929
3;5000;729774442
4;5000;1420494089
5;57;1455890366
6;5000;425003461
7;5000;3947419790
8;5000;1058895593
9;5000;35659436
10;5000;346370607
11;5000;556570271
12;5000;1144874124
13;57;1486977101
14;5000;51966772
15;5000;91211361
16;5000;808358872
17;5000;24877237
18;5000;220907656
19;5000;2011690039
20;0;53301158
21;5000;41831260
22;5000;174537787414
23;5000;171284874
24;5000;53658219
25;5000;35486249
26;5000;54004257
27;5000;15248081
28;5000;42829777
29;5000;36582149728
30;5000;252513096
31;5000;1243581878
32;5000;32805750
33;5000;34775813
34;5000;24785943
35;5000;185218867
36;183;81625684520
37;5000;285153364
38;5000;29886416
39;5000;41163652
40;5000;2466138458
41;5000;107890773
42;5000;161644959
43;5000;403895246
44;8;1916626591
45;5000;256664260
46;229;1924019740
47;0;2156834
48;71;2261641819
49;5000;89192786
50;5000;99500134
51;5000;164211123
52;5000;145660974
53;5000;103820537
54;5000;89315495
55;3583;108022742
56;5000;1849340991
57;0;2971612138
58;83;1910172673
59;79;1910615111
60;5000;87669947
61;5000;104810235
62;95;16462613
63;5000;205663145
64;5000;143417551
65;5000;81746229
66;0;32431416
67;0;21569529
68;28;24950550
69;20;46321209
70;5000;146222940
71;5000;134066178
72;5000;1564450581
73;1104;529403629
74;2267;169033482
75;5000;48345933
76;5000;73049909
77;5000;37201345
78;5000;100407638
79;5000;35494989
80;5000;178426942
81;5000;125845080
82;5000;81693419
83;25;5389612
84;200;16420594
85;398;15553434
86;692;48922188
87;5000;57617623
88;5000;150120280
89;5000;61984541
90;5000;187680273
91;23;3148788
92;5000;1329013357
93;5000;1591787431
94;5000;49475952
95;5000;59845595
96;5000;97722216
97;5000;61535058
98;5000;210700109
99;5000;25478903
100;5000;85148186
101;2109;312396477
102;5000;237417955
103;1157;154845432
104;41;4357119
105;5000;113459267
106;5000;96970433
107;5000;108233208
108;5000;55198838
109;0;681047
110;5000;243265349
111;5000;250862935
112;5000;39474007
113;5000;202012685
114;5000;314921251
115;5000;491680709
116;5000;107357124
117;4657;2971075090
118;0;48210
119;0;17292
120;5000;2691502837
121;5000;102556177
122;0;2015789775
123;5000;134280932
124;5000;40641851
125;606;31468521
126;5000;236779495
127;5000;93874349
128;5000;33659128
129;1408;90314775
130;5000;31685873
131;605;11142530
132;0;233656528
133;5000;204891104
134;5000;104223935
135;585;16701565
136;1;14839343
137;1;21201285
138;322;24113353
139;5000;115584515
140;50;60046220
141;5000;25154102
142;5000;8577649
143;5000;98008401
144;62;50245765
145;5000;95264189
146;5000;67933319
147;5000;148325834
148;5000;163550859
149;3339;119823921
150;99;87866295
151;5000;29889280
152;5000;122605150
153;5000;278031222
154;5000;72202796
155;5000;76401518
156;365;5072852
157;5000;122522700
158;4356;2838398201
159;2633;1968379431
160;4616;2978144972
161;2862;1606841740
162;922;1046344225
163;5000;68689733
164;5000;39297312
165;5000;69608322
166;5000;79214829
167;5000;104223936
168;5000;83531589
169;5000;63008320
170;5000;92786643
171;5000;105422660
172;5000;78837126
173;5000;28104118
174;5000;64968556
175;5000;20133710
176;5000;86830823
177;5000;736196165
178;5000;67120775
179;5000;20370354
180;5000;101400428
181;5000;101332422
182;5000;114080701
183;5000;72347426
184;5000;71187353
185;5000;45643320
186;5000;54491511
187;5000;50715544
188;5000;131581686
189;0;31125066453
190;118;50243480
191;5000;68240976
192;5000;134184064
193;5000;81039452
194;0;97723530
195;5000;19762166
196;5000;5451075063
197;5000;484356791
198;5000;43685018
199;5000;54770899
200;5000;69384665
201;296;122519342
202;5000;50718572
203;2267;145277428
204;5000;87253575
205;5000;25945492
206;5000;46147342
207;5000;27073638
208;5000;102477848
209;5000;76545163
210;5000;50731614
211;1301;1788174232
212;5000;76208237
213;1191;1421504146
214;5000;25056078
215;0;20067
216;5000;33719286
217;5000;104144484
218;5000;29789445
219;5000;40959822
220;5000;67578294
221;5000;55478490
222;5000;88271300
223;18;5042300890
224;5000;85075884
225;5000;99700841
226;5000;40427069
227;86;81116367
228;12;4083762
229;5000;47237814
230;5000;21642516
231;5000;66602982
232;18;3304440
233;5000;101860627
234;5000;55179031
235;5000;80830511
236;5000;984010949
237;5000;5464120292
238;1848;54599338
239;57;1175458
240;5000;20720676
241;5000;31726135
242;5000;15005804
243;5000;104027761
244;5000;112759799
245;78;59956730
246;5000;19808736
247;2156;61487629
248;5000;84817432
249;5000;58813188
250;5000;43694892
251;5000;40406221
252;5000;120261613
253;5000;36842578
254;5000;115734650
255;3891;1718021871
256;201;4006645
257;5000;114207070
258;432;5158969
259;5000;35548892
260;5000;68279909
261;171;7799524
262;5000;75689226
263;5000;75392652
264;5000;99870336
265;5000;1952770183
266;5000;48469343
267;5000;26317952
268;5000;30282402
269;5000;70047683
270;5000;26106853
271;0;22600
272;5000;72390193
273;257;33729280
274;5000;108238960
275;5000;15106970
276;5;5747911064
277;5000;71601189
278;617;6301356
279;5000;36677468
280;5000;71622866
281;5000;215820169
282;0;1847741
283;5000;11779649
284;5000;34029444
285;5000;74056220
286;340;37710837
287;202;19590301
288;5000;18988886
289;5000;70449025
290;5000;302077603
291;5000;58363787
292;5000;250504493
293;5000;64151911
294;5000;95814751
295;5000;127809443
296;5000;100605690
297;2225;43636509
298;5000;211337993
299;0;28768
300;1508;23040186
301;5000;106895626
302;29;8548809
303;5000;28178170
304;5000;46780400
305;0;844097974
306;5000;103802133
307;5000;103553843
308;5000;54748585
309;330;9368072
310;1096;18704225
311;5000;14155910
312;5000;65749951
313;68;2468192
314;38;1399184
315;5000;63853739
316;5000;44738863
317;5000;31648578
318;5000;30923471
319;5000;106060400
320;5000;50235732
321;5000;87405507
322;5000;121070063
323;703;1222810250
324;697;576699263
325;5000;273227118
326;5000;79053765
327;5000;64015278
328;362;18808291
329;5000;123644071
330;0;5034449
331;5000;165914283
332;5000;37424514
333;5000;58842770
334;267;11271263698
335;5000;45586274
336;5000;114633846
337;5000;59807916
338;5000;59673979
339;5000;36013414
340;5000;32185792
341;5000;698851823
342;5000;18575542
343;4777;38219156
344;5000;54359829
345;5000;40995776
346;5000;39954449
347;5000;34577930
348;5000;52125485
349;5000;77166222
350;5000;105691764
351;5000;303524407
352;5000;40310076
353;5000;95250955
354;5000;23451420
355;5000;36362334
356;5000;57314458
357;5000;55427897
358;5000;70175532
359;0;9235778140
360;5000;17543037
361;5000;44311891
362;609;10202920
363;5000;43859500
364;5000;90741208
365;10;308438
366;5000;25958433
367;8;1182686
368;5000;21425636
369;5000;35105906
370;5000;64442972
371;5000;80296289
372;5000;54325654
373;5000;41912962
374;5000;32456782
375;5000;27391705
376;5000;17821963
377;5000;20412350
378;5000;11490524
379;5000;17340021
380;5000;22433462
381;5000;20753872
382;5000;10007004
383;5000;8135214
384;5000;5727891
385;5000;21145554
386;5000;24173138
387;5000;18368963
388;5000;18547974
389;5000;14274009
390;5000;10417152
391;5000;15817413
392;5000;37422117
393;5000;18232440
394;5000;49535242
395;5000;71732098
396;5000;38932122
397;5000;147571960
398;5000;40802039
399;60;1180627
400;5000;62975781
401;5000;38280150
402;5000;47028060
403;1660;32321707
404;5000;92055232
405;5000;40950573
406;5000;5457219715
407;5000;59928803
408;5000;52754880
409;5000;77386602
410;5000;51722362
411;5000;53874537
412;5000;117182971
413;5000;79094620
414;5000;25205172
415;5000;64691642
416;19;4475069
417;5000;67304500
418;5000;23511079
419;5000;51143557
420;0;10433657592
421;5000;53798275
422;5000;38114427
423;5000;14625220
424;5000;20867697
425;3284;66298603
426;5000;5454845218
427;5000;38267217
428;5000;28627044
429;5000;73125788
430;5000;42614305
431;5000;20149231
432;5000;69934856
433;5000;15200871
434;5000;45344287
435;5000;20367836
436;5000;22171436
437;5000;41571427
438;5000;79548991
439;5000;32978987
440;5000;25828864
441;5000;35430813
442;5000;5466732098
443;5000;5459171775
444;5000;71631441
445;5000;34592856
446;5000;12986006
447;0;334683502192
448;5000;25608714
449;5000;60697996
450;5000;37415628
451;5000;57510553
452;344;5317391
453;5000;56837334
454;5000;37098631
455;781;21508054
456;5000;32736326
457;5000;46531097
458;5000;48065308
459;5000;18288902
460;91;1905224
461;657;9152491
462;23;2101028205
463;5000;80670057
464;5000;13678583
465;5000;45876590
466;5000;52013973
467;5000;54552156
468;5000;72306714
469;5000;34017523
470;2471;47766393
471;7;204518
472;62;132053248
473;5000;72334948
474;55;130729969
475;0;13812898
476;0;22211484
477;0;6703608
478;0;6568507
479;0;5611338
480;5000;58573075
481;5000;41282388
482;5000;36087356
483;701;14193675
484;5000;21737278
485;5000;136497657
486;5000;75471569
487;5000;53772541
488;5000;54923552
489;5000;22591891
490;5000;28556084
491;5000;58935358
492;5000;46237123
493;6;861520
494;5000;348444006
495;5000;24113837
496;5000;76717605
497;5000;348245579
498;5000;42855566
499;5000;37670078
500;5000;56495092
501;5000;40516498
502;0;374906523
503;140;3085763
504;5000;71452201
505;5000;128625526
506;17;622852
507;5000;32570237
508;5000;51784098
509;221;20939053
510;5000;117083229
511;5000;50969269
512;5000;60034917
513;5000;44380175
514;5000;22681994
515;3581;49500033
516;5000;49873225
517;5000;43776139
518;5000;60621437
519;1842;25364497
520;5000;32838659
521;5000;43017446
522;5000;125249016
523;5000;66279038
524;0;17010
525;3186;200794111
526;5000;9028751
527;0;18148
528;5000;63470830
529;5000;59034080
530;5000;14875926
531;20;371857
532;5000;114175160
533;5000;15444571
534;5000;19122636
535;5000;38828114
536;5000;56012879
537;5000;44401006
538;5000;128287377
539;5000;52823622
540;5000;57398517
541;370;551257811
542;5000;89382115
543;5000;32840631
544;35;1133774
545;746;16455327
546;5000;72614456
547;193;2154168
548;5000;70041200
549;5000;67370737
550;5000;55121863
551;315;7792510
552;5000;31287941
553;5000;46577032
554;2;60300
555;15;1599950867
556;5000;120615644
557;5000;68808485
558;5000;46540522
559;5000;66284168
560;5000;52588766
561;5000;75719836
562;5000;19984366
563;5000;117278116
564;5000;55711656
565;50;519138
566;490;34237136
567;5000;67157267
568;86;23840649
569;5000;74014064
570;5000;54385481
571;5000;115427955
572;5000;720581652
573;5000;22539864
574;5000;55196313
575;5000;94230043
576;5000;31225770
577;5000;86513403
578;5000;53860236
579;5000;68618211
580;5000;835894157
581;5000;44644540
582;5000;32493206
583;5000;27360331
584;5000;63569295
585;1191;69515830
586;5000;52548228
587;5000;46311083
588;5000;50682812
589;5000;61065679
590;5000;103004212
591;5000;15090330
592;54;1013198628
593;5000;55331748
594;0;4879816135
595;5000;5456308083
596;5000;71400741
597;5000;46672607
598;5000;75170030
599;5000;53628718
600;4748;108176733
601;5000;49866999
602;5000;94190751
603;5000;50068384
604;5000;55234565
605;93;1498263
606;5000;77009605
607;5000;67964066
608;5000;23202688
609;0;32703
610;24;519210
611;5000;79105644
612;5000;34315865
613;5000;44927147
614;5000;20553134
615;1586;49503209
616;5000;36411094
617;119;3672442230
618;5000;49620410
619;5000;34216525
620;5000;102096760
621;5000;46369496
622;5000;29543323
623;5000;62514507
624;5000;94013803
625;5000;70088306
626;0;2738811
627;1233;523097071
628;47;881892
629;5000;44339714
630;5000;88615016
631;5000;55005268
632;5000;50112030
633;0;856716734
634;5000;40301249
635;0;263656700
636;0;49000317
637;0;22758
638;5000;44763052
639;5000;29100969
640;5000;397163439
641;5000;34009267
642;407;16687256
643;5000;84130403
644;293;34768238
645;5000;40224156
646;5000;55306237
647;5000;55630714
648;5000;49074105
649;5000;85785584
650;5000;203942451
651;5000;70490427
652;5000;61141224
653;5000;4577250
654;5000;47913441
655;5000;28388685
656;5000;18216562
657;267;11193787
658;5000;64852674
659;5000;128337992
660;5000;34065051
661;5000;150157389
662;2641;78722024
663;5000;101461500
664;6;291840
665;68;43789958
666;170;4844244
667;4280;95444280
668;5000;77344957
669;5000;31063590
670;5000;29409719
671;5000;113469047
672;5000;29594090
673;5000;63707455
674;5000;33578238
675;595;7844782
676;5000;69484957
677;302;6784262
678;5000;69233350
679;5000;55375400
680;5000;87687265
681;5000;21793635
682;260;2234915
683;34;1770111
684;5000;37398541
685;5000;80418652
686;5000;66284860
687;0;3578675
688;5000;67744689
689;5000;56023580
690;5000;58869106
691;5000;90613071
692;5000;49726523
693;5000;73988351
694;5000;31457389
695;5000;59038754
696;5000;49024202
697;5000;42651250
698;5000;23377833
699;5000;31162994
700;5000;25871741
701;5000;34070316
702;5000;44408571
703;5000;16700667
704;23;366862
705;5000;48575619
706;5000;42375167
707;56;517882
708;5000;39865632
709;5000;18049225
710;5000;37826438
711;5000;20488610
712;5000;24406670
713;5000;28900788
714;2;62753
715;5000;57822435
716;5000;45884189
717;5000;37980486
718;5000;35293237
719;5000;30293155
720;5000;55434483
721;5000;38668827
722;5000;42548271
723;5000;29286030
724;5000;40782319
725;8;175124
726;5000;54496234
727;5000;42958109
728;5000;23419423
729;15;254590
730;5000;41772320
731;5000;51280298
732;3033;31841060
733;5000;34545810
734;5000;44968780
735;5000;46852722
736;5000;41022796
737;5000;36949498
738;5000;34148080
739;5000;45452010
740;5000;47779544
741;5000;57892192
742;5000;49526307
743;5000;45196023
744;5000;38925226
745;5000;20860565
746;5000;39770389
747;110;1372516
748;5000;30515926
749;5000;38460916
750;5000;22934393
751;5000;43721821
752;5000;40245131
753;5000;12975986
754;5000;46048855
755;5000;44496886
756;5000;21326237
757;5000;29045307
758;5000;35274299
759;5000;35753912
760;4293;49336930
761;5000;40403646
762;5000;40550356
763;5000;44052158
764;5000;24627552
765;5000;42132516
766;22;411817
767;5000;55963279
768;5000;28506791
769;5000;48352713
770;5000;43194739
771;5000;40329044
772;5000;50687526
773;5000;30182101
774;5000;37460609
775;4783;8748029
776;413;3935325
777;5000;27172176
778;5000;50008007
779;5000;26992658
780;5000;43047994
781;5000;53991822
782;5000;45470858
783;5000;39552403
784;5000;39329835
785;5000;64617776
786;5000;60945616
787;5000;45417144
788;5000;45966920
789;104;942872
790;5000;41350213
791;5000;40146646
792;405;4792148
793;5000;34994598
794;5000;25666483
795;5000;47117257
796;5000;14143107
797;5000;47849864
798;13;256184
799;24;421579
800;11;209216
801;5000;46488067
802;71;907002
803;5000;42834377
804;5000;35060140
805;28;484522
806;5000;61838933
807;5000;47690111
808;16;335625
809;16;313508
810;12;227820
811;5000;50220529
812;5000;41973280
813;3081;38450763
814;1607;22728404
815;5000;31185425
816;5000;35755240
817;5000;54715388
818;5000;56551154
819;124;1558371
820;1655;21615519
821;5000;52898664
822;5000;35730829
823;5000;43148401
824;5000;47834576
825;5000;49051033
826;5000;20433023
827;5000;49652407
828;5000;47851436
829;5000;33274561
830;5000;30671037
831;5000;24509003
832;5000;45828285
833;5000;44496226
834;5000;35090433
835;5000;34440598
836;1466;15235042
837;5000;44737481
838;5000;41156813
839;5000;51314848
840;5000;49487365
841;62;829334
842;82;1085609
843;5000;32501398
844;693;7675255
845;5000;47267783
846;5000;37526106
847;5000;49904432
848;5000;48101108
849;3065;38445040
850;260;2680493
851;176;2384877
852;5000;49623042
853;5000;45947787
854;5000;43537877
855;5000;37600159
856;582;9985946
857;27;439735
858;5000;24609321
859;5000;34601640
860;1491;17149735
861;5000;33132732
862;5000;43405239
863;5000;49849501
864;2485;34481556
865;154;1682514
866;5000;22415254
867;4669;51730363
868;5000;40375881
869;5000;62267004
870;5000;42820667
871;5000;39298899
872;3320;18612879
873;3991;51971593
874;382;3893627
875;5000;35987195
876;5000;57466028
877;5000;52847194
878;45;644019
879;5000;46556927
880;6;148961
881;5000;54525074
882;3903;57497709
883;5000;33461603
884;5000;33647266
885;5000;43054716
886;5000;32240669
887;5000;52382770
888;5000;56620504
889;10;227670
890;3470;37609672
891;5000;50908586
892;5000;53802047
893;623;7027887
894;444;4381160
895;5000;44871725
896;981;13047748
897;5000;32700618
898;5000;43041872
899;5000;63595829
900;5000;49738730
901;5000;61791128
902;5000;44289614
903;5000;43189242
904;5000;40674444
905;5000;39885879
906;5000;17305814
907;5000;32693984
908;5000;27545728
909;5000;13191235
910;5000;42036264
911;5000;39083189
912;1008;13610547
913;5000;53187212
914;5000;43138364
915;5000;53448508
916;5000;18763460
917;5000;9672336
918;5000;16183137
919;5000;11135729
920;5000;39730438
921;100;1038337
922;5000;46429998
923;5000;62409565
924;5000;34645487
925;1;2268120
926;4654;673643817
927;2;170892
928;113;9303891
929;73;24232873
930;647;22055042
931;5000;25723702
932;5000;24505244
933;5000;43446573
934;459;2087723
935;670;21966271
936;0;41447
937;3421;123673439
938;5000;21740970
939;137;784842
940;5000;59963283
941;5000;19311251
942;7;102555
943;20;1184349
944;5000;19844773
945;5000;38999700
946;0;25448
947;2;191820
948;5000;15150151
949;31;2949000
950;33;40787649
951;5000;14687534
952;1964;172819388
953;5000;21445805
954;5000;16764580
955;1274;76793575
956;5000;19818001
957;203;1631731
958;666;2497393
959;5000;14463609
960;5000;12790990
961;107;1456827
962;1789;4791257
963;5000;15635724
964;5000;23452468
965;2120;9693164
966;258;1320708
967;5000;15134346
968;5000;21031732
969;5000;20379412
970;5000;19488928
971;0;269853
972;3207;70822869
973;36;794044
974;32;236807
975;52;9343275
976;15;989994
977;37;3206610
978;35;591067
979;0;24771
980;116;12565389
981;3;112189
982;31;427267
983;5000;12913321
984;5000;18935369
985;403;24340220
986;1301;26004056
987;5000;61696708
988;372;52180449
989;65;9090682
990;282;9764411
991;4105;22088294
992;11;4352872
993;731;12347517
994;77;1165549
995;5000;10354958
996;5000;19406505
997;59;352480
998;50;5494058
999;63;694709
1000;0;40359
1001;0;9525
1002;5000;276119838
1003;5000;5451724132
1004;1399;4391790
1005;0;18071
1006;764;3270362
1007;5000;227329762
1008;20;92255
1009;183;1187419
1010;5000;267849312
1011;54;436130
1012;5000;13006542127
1013;5000;3884940191
1014;54;441633
1015;0;17572
1016;233;1306627
1017;5000;327964541
1018;71;469315
1019;5000;316670511
1020;198;194692
1021;5000;366756062
1022;5000;21876946
1023;5000;383898988
1024;156;725209
1025;5000;23352138
1026;5000;279614222
1027;131;941017
1028;5000;482952329
1029;5000;344821710
1030;339;2033644
1031;634;3044710
1032;5000;49912510
1033;351;1868944
1034;5000;44013016
1035;5000;540127425
1036;1382;6317265
1037;5000;32502504
1038;5000;215807003
1039;0;25573
1040;5000;327865586
1041;5000;38065336
1042;1;47997
1043;5000;109546007
1044;357;1491741
1045;5000;442657804
1046;0;20890
1047;1335;6244027
1048;10;91640
1049;14;126047
1050;5000;160635767
1051;5000;4022663044
1052;5000;616202060
1053;5000;822914931
1054;8;87117
1055;0;15401
1056;3842;15785033
1057;5000;659744881
1058;5000;182982862
1059;5000;506495070
1060;74;539569
1061;4897;16907939
1062;5000;114835586
1063;5000;37770628
1064;5000;493390747
1065;5000;58729242
1066;1;43259
1067;1;36611
1068;5000;2358826548
1069;63;468917
1070;4619;5633180
1071;5000;644321289
1072;5000;313427840
1073;5000;66559415
1074;20;204335
1075;751;3727840
1076;5000;834463308
1077;5000;83169634
1078;5000;1374177158
1079;37;306007
1080;309;1976389
1081;0;15321
1082;1089;3179615
1083;5000;13971485
1084;5000;461089482
1085;5000;58919916
1086;1;48812
1087;60;410202
1088;0;12775
1089;0;13450
1090;0;11157
1091;0;12239
1092;5000;1701689927
1093;0;21328
1094;0;13578
1095;0;11420
1096;1;41470
1097;0;11897
1098;0;10880
1099;102;75759
1100;0;12535
1101;150;843093
1102;0;16132
1103;62;336272
1104;67;322400
1105;8;79915
1106;45;334430
1107;5000;127659822
1108;167;314298
1109;922;3689164
1110;1599;4317312
1111;341;825810
1112;2;45050
1113;295;1364216
1114;0;12888
1115;0;11373
1116;0;9866
1117;20;58902
1118;559;2705988
1119;1;31113
1120;5000;772586417
1121;1128;5004717
1122;2;48495
1123;1;27228
1124;1;27864
1125;285;884834
1126;5000;138203714
1127;21;223018
1128;42;339547
1129;5000;1271047901
1130;5000;467509731
1131;131;852244
1132;1;38210
1133;5000;315363949
1134;5000;2683564438
1135;5000;74519749
1136;5000;52023271
1137;29;237419
1138;4;56577
1139;1000;4724814
1140;5000;64300989
1141;29;164859
1142;805;3192868
1143;249;1333436
1144;11;107214
1145;681;2350329
1146;108;574062
1147;54;328037
1148;89;582694
1149;733;3489225
1150;5000;11725552
1151;5000;56911520
1152;7;99528
1153;5000;49342700
1154;318;1166242
1155;3;48788
1156;299;1550500
1157;1;29560
1158;366;1690292
1159;5000;161089190
1160;5000;131526419
1161;5000;76915281
1162;40;275757
1163;1;40390
1164;1;30100
1165;0;16568
1166;204;189561
1167;5000;45648467
1168;1;41699
1169;5000;762025308
1170;473;2408233
1171;7;62166
1172;0;14188
1173;1420;4829862
1174;5000;120560614
1175;5000;27751564
1176;40;304002
1177;5000;30446071
1178;282;1429653
1179;5000;94475647
1180;1;54013
1181;5000;15390698
1182;14;98476
1183;38;232593
1184;114;662289
1185;1;29208
1186;55;248477
1187;5000;17504243
1188;2;58275
1189;23;169705
1190;222;973624
1191;305;818499
1192;1542;7130650
1193;5000;63363970
1194;1429;5531066
1195;3;56859
1196;5000;26137712
1197;0;27448
1198;34;300595
1199;534;2806804
1200;5000;116499421
1201;5000;26624417
1202;45;196413
1203;5000;25325454
1204;1;43390
1205;1;32935
1206;9;67407
1207;20;172515
1208;890;3477433
1209;5000;96662629
1210;5000;25063190
1211;7;94860
1212;1;36231
1213;338;805272
1214;16;109828
1215;1;32119
1216;1;27162
1217;4123;14802211
1218;35;276832
1219;27;203427
1220;5000;74614518
1221;1511;6890283
1222;222;1166273
1223;210;868614
1224;5000;302742323
1225;3600;10517426
1226;5000;50143974
1227;17;145278
1228;277;1382879
1229;114;574232
1230;0;16505
1231;0;2191
1232;1491;6869158
1233;13;147142
1234;6;68113
1235;5000;11412527
1236;38;315589
1237;5000;112016555
1238;1341;3810619
1239;78;425410
1240;5000;217088405
1241;50;383505
1242;320;1789565
1243;5000;701768981
1244;5000;366252805
1245;0;20630
1246;259;1572857
1247;1;38835
1248;1;27616
1249;1051;5134056
1250;1;35297
1251;1;22653
1252;3;35641
1253;2;31005
1254;479;2510606
1255;1;29310
1256;0;11458
1257;0;9922
1258;0;8595
1259;0;7360
1260;0;16633
1261;0;6017
1262;5000;42908337
1263;1100;4825489
1264;150;905297
1265;5000;26570607
1266;2721;10898549
1267;500;2555376
1268;269;1372671
1269;1;33118
1270;3649;7231200
1271;654;2450076
1272;72;385772
1273;860;3180848
1274;34;245695
1275;13;89987
1276;3394;12851339
1277;1501;4618178
1278;5000;52421645
1279;5;79775
1280;185;1127700
1281;70;470018
1282;5000;74846142
1283;27;245532
1284;215;912217
1285;76;471938
1286;5000;43746051
1287;5000;371895613
1288;1;48726
1289;1;20590
1290;1;36369
1291;1;29337
1292;68;399347
1293;9;96495
1294;0;15582
