 Loading the index...
 Index loaded 11650405492 bytes
0;1000;4539530
1;1000;240079193
2;1000;17294109
3;1000;637132422
4;1000;294116085
5;57;1467327721
6;1000;79881708
7;1000;481576439
8;1000;182894211
9;1000;15734959
10;1000;67142687
11;1000;153507073
12;1000;232848618
13;57;1497264027
14;1000;9602618
15;1000;20114447
16;1000;138944719
17;1000;8075105
18;1000;52647629
19;1000;372095469
20;0;53822601
21;1000;7120538
22;1000;22727786777
23;1000;34451868
24;1000;10632265
25;1000;8554900
26;1000;10485506
27;1000;4060699
28;1000;8702797
29;1000;37053857249
30;1000;162697375
31;1000;1169100103
32;1000;9215993
33;1000;16023232
34;1000;5496510
35;1000;69731852
36;183;83569642542
37;1000;56067362
38;1000;6600375
39;1000;12908346
40;1000;2444378732
41;1000;21190522
42;1000;35231797
43;1000;145243746
44;8;1895429007
45;1000;50113700
46;229;1904298998
47;0;2150633
48;71;2241765668
49;1000;17945733
50;1000;20905366
51;1000;35618388
52;1000;31289108
53;1000;21326113
54;1000;17753205
55;1000;28950647
56;1000;332435592
57;0;2965795413
58;83;1888686631
59;79;1886740596
60;1000;17817844
61;1000;21200468
62;95;16484993
63;1000;206100893
64;1000;29820223
65;1000;17587672
66;0;31934643
67;0;21500415
68;28;24794465
69;20;46289551
70;1000;31516979
71;1000;28215397
72;1000;401676030
73;1000;311450815
74;1000;67029080
75;1000;11618482
76;1000;15789704
77;1000;8146357
78;1000;20424707
79;1000;6574806
80;1000;27217163
81;1000;25827027
82;1000;15962647
83;25;5262070
84;200;16629348
85;398;15745739
86;692;49475700
87;1000;11671956
88;1000;31831362
89;1000;12373164
90;1000;31582499
91;23;3135151
92;1000;283794040
93;1000;283428605
94;1000;9953027
95;1000;12378319
96;1000;19891532
97;1000;9618354
98;1000;50036392
99;1000;4220634
100;1000;22492808
101;1000;95511619
102;1000;54131279
103;1000;134875974
104;41;4418225
105;1000;24255623
106;1000;20307973
107;1000;21306952
108;1000;10027625
109;0;662519
110;1000;70451183
111;1000;72356113
112;1000;7588454
113;1000;30047919
114;1000;110326214
115;1000;70801022
116;1000;22226581
117;1000;607749277
118;0;52770
119;0;18076
120;1000;2694698170
121;1000;21408622
122;0;2002328589
123;1000;19083060
124;1000;10495130
125;606;31615718
126;1000;41945516
127;1000;21592008
128;1000;11776264
129;1000;70976596
130;1000;10010449
131;605;11224990
132;0;230982404
133;1000;50487713
134;1000;22848253
135;585;16797650
136;1;14784929
137;1;21204037
138;322;24163201
139;1000;25708537
140;50;60061005
141;1000;5227174
142;1000;2708368
143;1000;17297851
144;62;50176552
145;1000;18378127
146;1000;12948181
147;1000;30790511
148;1000;24873477
149;1000;34176464
150;99;87383453
151;1000;8065158
152;1000;25690174
153;1000;82824873
154;1000;14958960
155;1000;16219869
156;365;5095846
157;1000;3178624
158;1000;655984245
159;1000;648998705
160;1000;693910716
161;1000;596574087
162;922;1038764981
163;1000;13826598
164;1000;7937230
165;1000;14751171
166;1000;15141145
167;1000;21721059
168;1000;18413705
169;1000;14033781
170;1000;20367638
171;1000;23348548
172;1000;14956608
173;1000;5899565
174;1000;12898061
175;1000;5367754
176;1000;18253967
177;1000;331564908
178;1000;14422632
179;1000;4129514
180;1000;19743654
181;1000;18413924
182;1000;24939932
183;1000;13940460
184;1000;9999566
185;1000;10159627
186;1000;11060564
187;1000;10796561
188;1000;27049201
189;0;31942399537
190;118;49708950
191;1000;14561048
192;1000;27017922
193;1000;17458258
194;0;98967512
195;1000;3636445
196;1000;1703555
197;1000;243438427
198;1000;8631633
199;1000;14855402
200;1000;15302967
201;296;121434929
202;1000;10293949
203;1000;64848418
204;1000;18797857
205;1000;4872366
206;1000;8434978
207;1000;6215196
208;1000;21114665
209;1000;37062237
210;1000;10878527
211;1000;254477522
212;1000;15430650
213;1000;307460580
214;1000;4608102
215;0;19171
216;1000;7327280
217;1000;21774626
218;1000;5972421
219;1000;7700071
220;1000;14520875
221;1000;12182635
222;1000;28655895
223;18;4986779840
224;1000;17751596
225;1000;20120600
226;1000;9554855
227;86;80965342
228;12;4088777
229;1000;9724643
230;1000;4821405
231;1000;13181315
232;18;3267709
233;1000;22646929
234;1000;10859367
235;1000;17161368
236;1000;378696529
237;1000;3118083
238;1000;27402636
239;57;1150116
240;1000;4081662
241;1000;6987502
242;1000;3821135
243;1000;21543917
244;1000;23471360
245;78;59860752
246;1000;7624598
247;1000;26630291
248;1000;16872071
249;1000;20746345
250;1000;8804143
251;1000;7685175
252;1000;35157424
253;1000;7947620
254;1000;21913569
255;1000;116503215
256;201;4127695
257;1000;24074533
258;432;5068831
259;1000;26695361
260;1000;14149271
261;171;7784117
262;1000;14149170
263;1000;17332436
264;1000;26249554
265;1000;748461327
266;1000;13998105
267;1000;7260970
268;1000;6080194
269;1000;13999478
270;1000;5178946
271;0;17585
272;1000;25030624
273;257;33660391
274;1000;21719320
275;1000;3888840
276;5;5706652415
277;1000;19011229
278;617;6445958
279;1000;6852362
280;1000;11545344
281;1000;121568923
282;0;1836439
283;1000;4888756
284;1000;8597691
285;1000;15540923
286;340;37709483
287;202;19516058
288;1000;4502085
289;1000;13502973
290;1000;103340405
291;1000;10844492
292;1000;55691704
293;1000;12977404
294;1000;19814209
295;1000;27208982
296;1000;19482199
297;1000;18549613
298;1000;45267960
299;0;31223
300;1000;10207936
301;1000;19970064
302;29;8469517
303;1000;7339355
304;1000;9908185
305;0;834926330
306;1000;21798547
307;1000;26052404
308;1000;10450903
309;330;9470345
310;1000;16674065
311;1000;7727322
312;1000;13633797
313;68;2457237
314;38;1385692
315;1000;16050960
316;1000;8679665
317;1000;6642303
318;1000;5596629
319;1000;21843267
320;1000;10382796
321;1000;18759992
322;1000;24386417
323;703;1209789522
324;697;583610235
325;1000;98234691
326;1000;16519478
327;1000;13365569
328;362;18892098
329;1000;26493303
330;0;5034069
331;1000;28236690
332;1000;11484121
333;1000;3807960
334;267;11092515689
335;1000;9158159
336;1000;24598630
337;1000;12987977
338;1000;13032018
339;1000;6983543
340;1000;7746469
341;1000;420805237
342;1000;3721684
343;1000;8779026
344;1000;11399029
345;1000;8008484
346;1000;6044450
347;1000;7080442
348;1000;9072662
349;1000;15566216
350;1000;22049591
351;1000;302866904
352;1000;8602009
353;1000;18771048
354;1000;4205000
355;1000;7019411
356;1000;11824514
357;1000;11354636
358;1000;14620507
359;0;9207363993
360;1000;4240103
361;1000;9553023
362;609;10177920
363;1000;9970298
364;1000;14553881
365;10;310527
366;1000;5145049
367;8;1120363
368;1000;4679121
369;1000;6965103
370;1000;12262661
371;1000;17446465
372;1000;9845386
373;1000;9173906
374;1000;5990317
375;1000;5758541
376;1000;3010341
377;1000;7983107
378;1000;1347396
379;1000;3524256
380;1000;4338212
381;1000;4023819
382;1000;1246767
383;1000;1246040
384;1000;1249964
385;1000;3611890
386;1000;4138242
387;1000;4653682
388;1000;2605900
389;1000;2775587
390;1000;1260639
391;1000;5238757
392;1000;7738126
393;1000;4474777
394;1000;8595282
395;1000;13030167
396;1000;8096978
397;1000;25368000
398;1000;9663672
399;60;1145498
400;1000;13947733
401;1000;7760849
402;1000;9549648
403;1000;15746667
404;1000;20992369
405;1000;8047691
406;1000;5440542367
407;1000;11986577
408;1000;15349860
409;1000;16280266
410;1000;11285036
411;1000;11388937
412;1000;21431587
413;1000;15557464
414;1000;5361939
415;1000;12983559
416;19;4427240
417;1000;14076090
418;1000;4837324
419;1000;9119991
420;0;10502741150
421;1000;13198305
422;1000;7286290
423;1000;3138075
424;1000;4651619
425;1000;18084384
426;1000;2002816
427;1000;7873179
428;1000;5879935
429;1000;15618799
430;1000;8668973
431;1000;5573409
432;1000;16034303
433;1000;3855395
434;1000;9889013
435;1000;5667823
436;1000;4892628
437;1000;9762745
438;1000;16638993
439;1000;6613921
440;1000;9814715
441;1000;7024001
442;1000;5447607569
443;1000;5441013058
444;1000;15431233
445;1000;8424495
446;1000;2513976
447;0;343846943254
448;1000;5131449
449;1000;12478515
450;1000;10382380
451;1000;10760025
452;344;5431126
453;1000;12259956
454;1000;5103301
455;781;21367978
456;1000;6510398
457;1000;9378793
458;1000;9973184
459;1000;715233
460;91;1880651
461;657;9257541
462;23;2065076678
463;1000;17168257
464;1000;6588305
465;1000;9601017
466;1000;9432744
467;1000;10909665
468;1000;13416308
469;1000;7197262
470;1000;18870316
471;7;208623
472;62;130372204
473;1000;13314746
474;55;129039750
475;0;13620223
476;0;21932146
477;0;6587036
478;0;6509628
479;0;5528550
480;1000;12229216
481;1000;8000896
482;1000;7281330
483;701;14181554
484;1000;8184371
485;1000;26141808
486;1000;14665890
487;1000;9039496
488;1000;7552799
489;1000;9582140
490;1000;6272548
491;1000;12562774
492;1000;10570707
493;6;822831
494;1000;35468197
495;1000;4355184
496;1000;15756769
497;1000;35143860
498;1000;8989959
499;1000;12049150
500;1000;11280554
501;1000;8019481
502;0;375281609
503;140;3158266
504;1000;15522063
505;1000;119194777
506;17;650979
507;1000;6360199
508;1000;10589165
509;221;20747286
510;1000;116255100
511;1000;9968078
512;1000;14244627
513;1000;9240356
514;1000;7757282
515;1000;12048301
516;1000;8883488
517;1000;7335041
518;1000;8279126
519;1000;10130948
520;1000;6399198
521;1000;9227998
522;1000;20054172
523;1000;13409963
524;0;14887
525;1000;23105178
526;1000;2496484
527;0;14495
528;1000;13304508
529;1000;11784891
530;1000;3985610
531;20;377505
532;1000;18708980
533;1000;5175536
534;1000;8878041
535;1000;25882341
536;1000;11523851
537;1000;9540936
538;1000;118380927
539;1000;13315961
540;1000;12295459
541;370;550125651
542;1000;19735973
543;1000;6648478
544;35;1065809
545;746;16466937
546;1000;14648887
547;193;2165021
548;1000;13967311
549;1000;12309664
550;1000;8537796
551;315;7837783
552;1000;6872786
553;1000;10221067
554;2;49595
555;15;1577275920
556;1000;25628809
557;1000;13898433
558;1000;10014641
559;1000;13650309
560;1000;10778165
561;1000;14974792
562;1000;3884372
563;1000;116385719
564;1000;9912152
565;50;511959
566;490;33967841
567;1000;13475280
568;86;23652518
569;1000;15965164
570;1000;10857605
571;1000;22660283
572;1000;714148499
573;1000;5208141
574;1000;9463058
575;1000;10847331
576;1000;7226124
577;1000;18204089
578;1000;15567065
579;1000;14799304
580;1000;828956430
581;1000;9025675
582;1000;5044074
583;1000;6302770
584;1000;14511126
585;1000;60093342
586;1000;11893259
587;1000;11168107
588;1000;11281737
589;1000;13993311
590;1000;20459100
591;1000;5338557
592;54;1018677262
593;1000;10135848
594;0;4812231878
595;1000;5436330396
596;1000;14530720
597;1000;7152978
598;1000;16966852
599;1000;9382496
600;1000;14787190
601;1000;11901139
602;1000;18568772
603;1000;10063263
604;1000;7923963
605;93;1487204
606;1000;16029378
607;1000;12925700
608;1000;4381008
609;0;20784
610;24;494797
611;1000;16648525
612;1000;6314683
613;1000;11836980
614;1000;4882793
615;1000;31571318
616;1000;7150433
617;119;3661512563
618;1000;9950061
619;1000;8144011
620;1000;18436553
621;1000;8351384
622;1000;9374448
623;1000;13479936
624;1000;14992664
625;1000;13900585
626;0;2728193
627;1000;143496021
628;47;849266
629;1000;9165061
630;1000;18821041
631;1000;11551510
632;1000;9309918
633;0;848577817
634;1000;8453304
635;0;263712963
636;0;49151688
637;0;25475
638;1000;8778846
639;1000;7982777
640;1000;36165934
641;1000;6509160
642;407;16501769
643;1000;16491530
644;293;34665283
645;1000;7329843
646;1000;12126219
647;1000;12033084
648;1000;12971068
649;1000;14608265
650;1000;37816838
651;1000;13879608
652;1000;60649340
653;1000;1681294
654;1000;9365700
655;1000;6079703
656;1000;4250051
657;267;11095960
658;1000;13947173
659;1000;118622977
660;1000;33484462
661;1000;22964009
662;1000;17902148
663;1000;9865068
664;6;278771
665;68;43673203
666;170;4793982
667;1000;19713429
668;1000;14734450
669;1000;7290519
670;1000;5727017
671;1000;22765294
672;1000;5744066
673;1000;13887039
674;1000;6448824
675;595;7871776
676;1000;14615964
677;302;6782170
678;1000;16435468
679;1000;9379660
680;1000;19201700
681;1000;4343382
682;260;2299654
683;34;1754874
684;1000;6907018
685;1000;14314252
686;1000;14634476
687;0;3543769
688;1000;13385134
689;1000;11720534
690;1000;12246954
691;1000;19061608
692;1000;11029805
693;1000;15792877
694;1000;7883632
695;1000;12620498
696;1000;11864149
697;1000;8949416
698;1000;4914321
699;1000;6402023
700;1000;4733619
701;1000;6719906
702;1000;9049960
703;1000;3228795
704;23;360472
705;1000;10845472
706;1000;8866545
707;56;552843
708;1000;8317969
709;1000;4708227
710;1000;8109462
711;1000;3649545
712;1000;4879659
713;1000;7028790
714;2;56272
715;1000;9216839
716;1000;8742761
717;1000;8129767
718;1000;4385056
719;1000;5863601
720;1000;12583211
721;1000;8392447
722;1000;8297357
723;1000;5901118
724;1000;7464757
725;8;171937
726;1000;11338817
727;1000;8476646
728;1000;5123951
729;15;254160
730;1000;8392915
731;1000;9691830
732;1000;9799943
733;1000;7539285
734;1000;9470731
735;1000;8697006
736;1000;8419100
737;1000;7348932
738;1000;6886180
739;1000;8131804
740;1000;10211673
741;1000;11665216
742;1000;10803056
743;1000;9408189
744;1000;7566007
745;1000;3613851
746;1000;8044105
747;110;1374074
748;1000;5923081
749;1000;6889929
750;1000;4584109
751;1000;8681971
752;1000;8513119
753;1000;2701633
754;1000;10421244
755;1000;9083757
756;1000;3993035
757;1000;6237178
758;1000;6946530
759;1000;4983339
760;1000;11548738
761;1000;8161840
762;1000;8310243
763;1000;8395337
764;1000;5066864
765;1000;8539359
766;22;387017
767;1000;11295712
768;1000;5330825
769;1000;10155783
770;1000;7863538
771;1000;8180717
772;1000;8581539
773;1000;5768635
774;1000;6937215
775;1000;1950699
776;413;3916235
777;1000;5832081
778;1000;10417752
779;1000;6748278
780;1000;7963442
781;1000;9793148
782;1000;9807727
783;1000;7948151
784;1000;5783327
785;1000;11980854
786;1000;11412499
787;1000;8124331
788;1000;8537155
789;104;954210
790;1000;8798895
791;1000;8312859
792;405;4734362
793;1000;6605133
794;1000;5081558
795;1000;7760042
796;1000;2435552
797;1000;9707606
798;13;253276
799;24;400293
800;11;205867
801;1000;8746471
802;71;865210
803;1000;8173619
804;1000;7919973
805;28;426078
806;1000;11128251
807;1000;9915402
808;16;321647
809;16;305413
810;12;227426
811;1000;10252333
812;1000;8270968
813;1000;12021591
814;1000;14210730
815;1000;6659642
816;1000;5627134
817;1000;12027351
818;1000;11635682
819;124;1576789
820;1000;13197368
821;1000;10227995
822;1000;10968261
823;1000;7797546
824;1000;10106475
825;1000;12179002
826;1000;4813458
827;1000;9665500
828;1000;8817499
829;1000;10324835
830;1000;5714543
831;1000;4654999
832;1000;9567147
833;1000;9249180
834;1000;3866028
835;1000;7128183
836;1000;8898459
837;1000;9025047
838;1000;7254712
839;1000;11200447
840;1000;8204837
841;62;842703
842;82;1104419
843;1000;5625325
844;693;7591585
845;1000;9313996
846;1000;8349296
847;1000;10441955
848;1000;9840886
849;1000;11982009
850;260;2692263
851;176;2419050
852;1000;10502048
853;1000;8957075
854;1000;8564702
855;1000;7507781
856;582;9887166
857;27;448639
858;1000;4706752
859;1000;7067643
860;1000;11944281
861;1000;6637167
862;1000;8968319
863;1000;11646659
864;1000;12709133
865;154;1700168
866;1000;4763984
867;1000;10073758
868;1000;8181242
869;1000;11929962
870;1000;10436762
871;1000;8226091
872;1000;4817766
873;1000;10500964
874;382;3617517
875;1000;6552136
876;1000;11936137
877;1000;10519317
878;45;672014
879;1000;11355885
880;6;134449
881;1000;11069687
882;1000;14612807
883;1000;7257597
884;1000;7970631
885;1000;7872855
886;1000;7252019
887;1000;10850523
888;1000;11273717
889;10;219534
890;1000;10789679
891;1000;10269425
892;1000;9671147
893;623;7054022
894;444;4442691
895;1000;6204413
896;981;12899181
897;1000;7199098
898;1000;8689744
899;1000;11920999
900;1000;9237169
901;1000;11555637
902;1000;9677458
903;1000;11692194
904;1000;8501549
905;1000;7266092
906;1000;4023187
907;1000;7834128
908;1000;6127041
909;1000;2530603
910;1000;9195883
911;1000;9461529
912;1000;13461761
913;1000;11300382
914;1000;9016008
915;1000;9786172
916;1000;3746402
917;1000;1415982
918;1000;3232142
919;1000;2451607
920;1000;9258017
921;100;1034565
922;1000;9552582
923;1000;12081569
924;1000;7809491
925;1;2276162
926;1000;167805536
927;2;192024
928;113;9116403
929;73;23771600
930;647;21851452
931;1000;5336018
932;1000;5248338
933;1000;8529304
934;459;2122181
935;670;21698679
936;0;49661
937;1000;36946978
938;1000;4658816
939;137;799662
940;1000;17831424
941;1000;4368479
942;7;88871
943;20;1126229
944;1000;4108874
945;1000;8186883
946;0;17078
947;2;166700
948;1000;3199748
949;31;2899266
950;33;40399106
951;1000;3150490
952;1000;97202438
953;1000;4111245
954;1000;3342920
955;1000;59957095
956;1000;4221989
957;203;1602602
958;666;2492702
959;1000;3040883
960;1000;2573658
961;107;1449074
962;1000;2826198
963;1000;2943198
964;1000;4633052
965;1000;4779514
966;258;1473057
967;1000;3591437
968;1000;7697180
969;1000;4182869
970;1000;3885548
971;0;250632
972;1000;25341105
973;36;828895
974;32;237819
975;52;9178323
976;15;976804
977;37;3182787
978;35;579424
979;0;25685
980;116;12448596
981;3;117345
982;31;420832
983;1000;3225537
984;1000;3985948
985;403;24169908
986;1000;18453174
987;1000;19276403
988;372;51646825
989;65;8988827
990;282;9647998
991;1000;5508971
992;11;4222416
993;731;12329799
994;77;1184795
995;1000;2416113
996;1000;4198146
997;59;365369
998;50;5361803
999;63;695142
1000;0;42160
1001;0;9626
1002;1000;275611055
1003;1000;5445986212
1004;1000;4369362
1005;0;22585
1006;764;3292103
1007;1000;226101226
1008;20;102958
1009;183;1207123
1010;1000;267328398
1011;54;477491
1012;1000;13136655273
1013;1000;3902563696
1014;54;487700
1015;0;17484
1016;233;1308919
1017;1000;326223504
1018;71;513619
1019;1000;314774537
1020;198;242191
1021;1000;364632790
1022;1000;21397522
1023;1000;382277375
1024;156;745039
1025;1000;22893409
1026;1000;278343531
1027;131;991242
1028;1000;480011795
1029;1000;347954529
1030;339;2045709
1031;634;3022320
1032;1000;49368860
1033;351;1903174
1034;1000;43709838
1035;1000;538076030
1036;1000;6165556
1037;1000;31982434
1038;1000;214988847
1039;0;31356
1040;1000;326486626
1041;1000;37599388
1042;1;60755
1043;1000;109355540
1044;357;1508358
1045;1000;440178217
1046;0;24564
1047;1000;6187057
1048;10;94099
1049;14;127779
1050;1000;160044985
1051;1000;4014488200
1052;1000;615492313
1053;1000;826500454
1054;8;100970
1055;0;16568
1056;1000;15444232
1057;1000;659523118
1058;1000;182843949
1059;1000;506064597
1060;74;578126
1061;1000;16391353
1062;1000;114443255
1063;1000;37287536
1064;1000;490918296
1065;1000;58303328
1066;1;53729
1067;1;39872
1068;1000;2361897446
1069;63;499590
1070;1000;5190379
1071;1000;641428365
1072;1000;312225511
1073;1000;66092337
1074;20;211885
1075;751;3730755
1076;1000;828393170
1077;1000;82637314
1078;1000;1373915908
1079;37;363135
1080;309;1986219
1081;0;17761
1082;1000;3148798
1083;1000;13324338
1084;1000;459861634
1085;1000;58499948
1086;1;60165
1087;60;443367
1088;0;15416
1089;0;13056
1090;0;11765
1091;0;13592
1092;1000;1696792396
1093;0;26249
1094;0;18194
1095;0;12116
1096;1;52173
1097;0;12403
1098;0;10595
1099;102;118270
1100;0;13357
1101;150;855067
1102;0;25923
1103;62;346158
1104;67;325254
1105;8;78943
1106;45;329135
1107;1000;127331417
1108;167;354271
1109;922;3668641
1110;1000;4280487
1111;341;832915
1112;2;46297
1113;295;1370949
1114;0;14455
1115;0;12028
1116;0;13012
1117;20;62981
1118;559;2714081
1119;1;33793
1120;1000;777757228
1121;1000;4981374
1122;2;56153
1123;1;30613
1124;1;30354
1125;285;872700
1126;1000;138174821
1127;21;229980
1128;42;370208
1129;1000;1263151753
1130;1000;464941220
1131;131;894924
1132;1;41354
1133;1000;314434525
1134;1000;2690049177
1135;1000;74042652
1136;1000;51866295
1137;29;248310
1138;4;61012
1139;1000;4722824
1140;1000;63918835
1141;29;174090
1142;805;3194551
1143;249;1320459
1144;11;111180
1145;681;2348563
1146;108;573386
1147;54;335275
1148;89;570798
1149;733;3490888
1150;1000;11333307
1151;1000;56405882
1152;7;107707
1153;1000;49103835
1154;318;1220384
1155;3;50581
1156;299;1555093
1157;1;34907
1158;366;1690055
1159;1000;160480558
1160;1000;131016970
1161;1000;76507603
1162;40;320719
1163;1;43711
1164;1;30047
1165;0;17537
1166;204;190630
1167;1000;45126657
1168;1;54305
1169;1000;758643044
1170;473;2464981
1171;7;66100
1172;0;14810
1173;1000;4743026
1174;1000;119959134
1175;1000;27306704
1176;40;346412
1177;1000;30237151
1178;282;1459189
1179;1000;93996118
1180;1;64623
1181;1000;14990333
1182;14;106879
1183;38;264770
1184;114;644735
1185;1;32583
1186;55;248862
1187;1000;17124726
1188;2;64355
1189;23;167514
1190;222;1005977
1191;305;810101
1192;1000;7039893
1193;1000;62760225
1194;1000;5445812
1195;3;59855
1196;1000;25746454
1197;0;33598
1198;34;352072
1199;534;2784763
1200;1000;116085398
1201;1000;26224693
1202;45;240465
1203;1000;24959050
1204;1;55135
1205;1;35570
1206;9;67368
1207;20;167841
1208;890;3473599
1209;1000;96448530
1210;1000;24720622
1211;7;104307
1212;1;40354
1213;338;849579
1214;16;112198
1215;1;33000
1216;1;26718
1217;1000;14536952
1218;35;313651
1219;27;198872
1220;1000;74092260
1221;1000;6826533
1222;222;1148896
1223;210;862482
1224;1000;302084724
1225;1000;10264573
1226;1000;49780759
1227;17;152377
1228;277;1400503
1229;114;590007
1230;0;16925
1231;0;2511
1232;1000;6924773
1233;13;157150
1234;6;72152
1235;1000;11000120
1236;38;341802
1237;1000;111299730
1238;1000;3772891
1239;78;422580
1240;1000;215777559
1241;50;421377
1242;320;1775890
1243;1000;705473696
1244;1000;367107672
1245;0;26358
1246;259;1596360
1247;1;43007
1248;1;26892
1249;1000;5117571
1250;1;40337
1251;1;23835
1252;3;43432
1253;2;31441
1254;479;2505043
1255;1;31354
1256;0;12823
1257;0;9157
1258;0;10152
1259;0;9335
1260;0;18574
1261;0;6095
1262;1000;42683372
1263;1000;4850499
1264;150;911157
1265;1000;26388716
1266;1000;10745195
1267;500;2590976
1268;269;1376937
1269;1;35715
1270;1000;6979243
1271;654;2477559
1272;72;386265
1273;860;3183707
1274;34;247268
1275;13;88378
1276;1000;12608548
1277;1000;4529508
1278;1000;51884026
1279;5;90910
1280;185;1129724
1281;70;454067
1282;1000;74472927
1283;27;252102
1284;215;941417
1285;76;462434
1286;1000;43480188
1287;1000;371605244
1288;1;60630
1289;1;22950
1290;1;38790
1291;1;31310
1292;68;436989
1293;9;94172
1294;0;14912
