 Loading the index...
 Index loaded 909146849 bytes
0;1;10390001
1;1000;2761525
2;1;1725174
3;27;3389823
4;273;2346846
5;1;1810985
6;1;1216525
7;2;284064
8;1;35476167
9;1000;2615103
10;2;1444376
11;10;1670246
12;1;320270
13;81;7032415
14;8;12318579
15;11;10893394
16;4;158643
17;10;182666
18;3;16167446
19;2;1904080
20;4;543302
21;50;59788717
22;5;3022501
23;17;27667403
24;2;8459036
25;2;11298865
26;245;2026571
27;10;1023200
28;1;347490
29;248;41244958
30;1;2199628
31;2;146570
32;1;8978675
33;1;14886409
34;102;24142243
35;2;4038555
36;11;25630361
37;1;381505
38;9;23292521
39;1;4874437
40;1;159886
41;1;17032755
42;7;1920776
43;1;5273664
44;5;6899832
45;1;98248504
46;1;2610234
47;1;1038654
48;3;6414106
49;1000;5943605
50;1;2716044
51;1;1803981
52;1;530019
53;1;1965132
54;1;13898281
55;32;502616
56;926;3057025
57;1;245462
58;1;3573681
59;1;66484
60;1;35065902
61;1;329247
62;507;8904336
63;4;1207566
64;2;83387
65;2;1714909
66;1;1974724
67;26;2425738
68;1;612137
69;6;1995736
70;29;125643
71;1;351762
72;1;2101015
73;308;152509150
74;1;610943
75;1;1576277
76;15;18527133
77;24;2086204
78;3;2027109
79;1;9329680
80;16;4903306
81;76;299540
82;1;1399235
83;32;1557777
84;56;1947039
85;1;1389567
86;37;449555
87;1;830210
88;20;1197481
89;1000;4172670
90;1;3310000
91;35;608717
92;1;2236361
93;22;217550
94;1;134515
95;1;1180492
96;1000;4517534
97;4;1171740
98;1;1330227
99;188;22969848
100;1;327907
101;1;1588714
102;1;2604391
103;1;3872535
104;1;37222299
105;1;695126
106;9;5746556
107;1;449093
108;76;1031207
109;143;2569889
110;7;3432612
111;33;258702
112;688;10328910
113;3;48935905
114;233;5942445
115;1;1004160
116;8;1899361
117;7;4563169
118;1000;134722062
119;1;1662813
120;1;6858993
121;2;361915
122;5;2539702
123;1;4571139
124;93;729200
125;1;884534
126;12;6781047
127;4;1125219
128;3;2284925
129;1000;1496584
130;1;2551362
131;1;15817533
132;3;27637172
133;2;605734
134;1;158842
135;1;397894
136;1;592152
137;120;654649
138;2;4253604
139;7;18763169
140;365;2277658
141;1;7037055
142;23;2691118
143;7;6411421
144;1;1192221
145;122;3892647
146;2;1288896
147;71;835004
148;1;657900
149;61;948497
150;1;10527755
151;1;15303150
152;1000;5042572
153;1;23452099
154;9;332015
155;3;3507098
156;6;1145609
157;1;730992
158;7;567489
159;1;3758140
160;1;747257
161;386;3360481
162;30;6164297
163;1;140098
164;18;834632
165;1000;10809189
166;1;2129963
167;97;500637
168;1000;3526827
169;2;2784190
170;83;86708676
171;1000;4078934
172;2;170481273
173;234;5546367
174;1;24109428
175;1000;732702
176;1;975500
177;1;8870311
178;1;2881186
179;1000;4732137
180;1;152324
181;1;1641411
182;128;2712248
183;1000;9535116
184;1;29456526
185;1;3399610
186;1;5058307
187;1;1544708
188;2;1995618
189;3;5070366
190;59;38119919
191;2;61244619
192;1;1671281
193;1;756900
194;1000;6305236
195;1;12828076
196;80;5793261
197;3;6849769
198;8;148925
199;65;9541163
200;1000;2101496
201;2;5235908
202;35;17615900
203;8;1713296
204;1;348767
205;1;5153174
206;3;373067
207;1;640368924
208;2;306443
209;568;3319235
210;1;28007755
211;113;5365422
212;1;4350445
213;9;1219016
214;1;20999142
215;3;2831092
216;1;1219389
217;1;422402
218;1000;11047140
219;3;1338598
220;3;16726780
221;1;369420
222;1;1407648
223;12;2561877
224;1;2066671
225;3;2723131
226;3;58656135
227;1;1430116
228;1;13382274
229;5;199135
230;34;6058201
231;2;256044
232;31;5505162
233;1;11545597
234;1;3848422
235;1;7013909
236;4;1813287
237;1;92363056
238;1;1943199
239;22;18689043
240;1000;19244741
241;12;1833568
242;7;2410767
243;5;7738040
244;1;606602
245;1;500922
246;3;258275
247;1;459125
248;1;25443264
249;4;17341921
250;1;710785
251;2;1335631
252;87;1963612
253;30;4458383
254;2;15468846
255;15;1940227
256;2;2069839
257;1;270833
258;2;1389071
259;1;889702
260;1;660011
261;2;4650326
262;1;817309
263;2;119225
264;2;90550
265;284;2176728
266;1;387442
267;1;1151232
268;3;779025
269;1000;4063228
270;1;2910253
271;1;1203389
272;1000;6296334
273;3;359789
274;2;2787638
275;64;3785672
276;2;132457
277;25;285815
278;5;3957619
279;3;3797467
280;5;356528870
281;1;1517895
282;1;377678
283;12;110005799
284;17;974607
285;1;5473277
286;1000;4313299
287;4;77212763
288;37;3420173
289;1;2137564
290;3;152642269
291;432;1924544
292;1;212863
293;172;8149300
294;8;864420
295;1;141484
296;38;1485197
297;3;3586122
298;1;4618311
299;1;156677
300;1;3959802
301;10;1489834
302;2;1924801
303;4;2439654
304;6;87730
305;52;1114409
306;1;67428
307;2;4330235
308;4;1666175
309;320;2905082
310;1;221311
311;1;12285401
312;1000;2895816
313;1;4674444
314;1;1179809
315;2;3506311
316;24;620236
317;24;642502
318;1;343224
319;1;177572
320;2;2997183
321;1;605369
322;1;33391708
323;22;1473298
324;67;1683421
325;1;8774375
326;1;1580077
327;4;19309529
328;1;1127238
329;1;91770
330;1;1513856
331;2;25003977
332;21;2885874
333;1;1111477
334;18;1193410
335;1;418235
336;1000;11915404
337;50;9568628
338;830;2719873
339;6;2146686
340;1;863832
341;1;4206022
342;24;57799176
343;7;975476
344;1;5719088
345;1;23038492
346;2;17623488
347;1;1541377
348;4;4116298
349;1;638772
350;2;8922922
351;1;32780314
352;48;761399
353;7;1120642
354;9;4385015
355;1000;12722489
356;2;27201191
357;23;5882599
358;1;308900
359;1;10293615
360;1;13567511
361;1;17838750
362;14;1745279
363;30;6102621
364;21;2194977
365;1000;8284990
366;1;10856732
367;1;9036845
368;704;4942069
369;3;1428097
370;1;516931
371;2;632057
372;1;24809113
373;8;175040
374;1000;14803589
375;1;2625112
376;65;720545
377;1;3322315
378;1;2571936
379;1;1776421
380;1000;7695240
381;1;126945
382;1;212378
383;1;124118
384;3;376525
385;1;41247180
386;486;18256424
387;1;299147
388;50;587406270
389;4;9266771
390;1000;4693049
391;6;808219
392;3;416045
393;16;4082487
394;883;18486244
395;1;3695214
396;1000;6087948
397;221;26585026
398;20;1602086
399;1;10619742
400;1;3591953
401;1;1233277
402;23;3700509
403;1000;2561218
404;2;8919668
405;2;640908
406;4;2367841
407;4;4172698
408;59;393429928
409;1;3166401
410;6;59171685
411;1;459232
412;1;27631585
413;14;2715910
414;2;16529511
415;3;29274208
416;141;23039791
417;1;889809
418;1;242724
419;3;2929893
420;151;2272618
421;2;9664185
422;25;268490
423;1;1534709
424;1;9217080
425;1;6039532
426;1;9288878
427;1;7918212
428;1;851969
429;1;10938045
430;2;104313635
431;117;1361032
432;2;71204
433;49;16232418
434;1;790969
435;2;4466895
436;1;1082147
437;1;128010
438;1;1190571
439;3;797187
440;2;1821664
441;2;2944560
442;10;598745
443;1000;11121461
444;1;1110522
445;1;26543459
446;7;1632312
447;3;2805299
448;2;20467235
449;32;1762366
450;2;847086
451;56;11200732
452;1000;3876439
453;1000;2723956
454;1;6385230
455;29;7004250
456;5;537169
457;1;176363
458;328;1920938
459;1;1397658
460;83;5362897
461;6;166728157
462;1;15880179
463;1;5572641
464;4;743360
465;1;3850459
466;2;759257
467;1;790852
468;19;1569449
469;1;984480
470;1000;4700441
471;1;2871399
472;1;528948
473;2;17991838
474;1;1611851
475;248;2497136
476;1;1945966
477;349;3024190
478;1;2504428
479;2;414498
480;14;6328353
481;73;10244256
482;2;956591
483;2;644054
484;1;240958
485;1;102496
486;1;3780320
487;1;175070
488;20;3153057
489;48;2562850
490;1;4537097
491;1;53291679
492;120;666552
493;1;540499
494;1;1810779
495;1000;4366286
496;153;4393335
497;3;376101830
498;1;698811
499;3;4343502
500;1;72360808
501;1;94848572
502;150;1289197
503;29;2089581
504;1;26497476
505;1;18848823
506;1;85061
507;1;1137074
508;11;1061673
509;1;267989
510;1000;6028516
511;1;852552
512;4;6638828
513;117;6172084
514;2;10983380
515;1;35023847
516;26;16414081
517;4;2384552
518;13;866765
519;1;203110
520;18;2533298
521;4;3769957
522;1000;5388519
523;1;3743776
524;532;13786170
525;1;5378913
526;1;593942
527;131;7846275
528;1;954742
529;1;9494118
530;1;939450
531;6;722857
532;141;796249
533;8;5456826
534;250;17819253
535;1000;4144937
536;149;2873664
537;4;467441
538;4;15620137
539;2;15839731
540;3;1063097
541;1;560979
542;1;307937
543;5;4948174
544;1;386290
545;1;67931
546;6;360695
547;1;1351967
548;3;1333526
549;1000;5135391
550;1;9122295
551;2;257612
552;1;108174
553;1;367935
554;7;548943
555;1;5103341
556;1;614426
557;1;13539930
558;309;5599952
559;6;1294306
560;1;1375717
561;3;2986661
562;12;10874447
563;1000;4060677
564;3;836525
565;1;2072793
566;2;17592502
567;2;381062
568;6;150678
569;326;8856389
570;13;280494447
571;1;138141081
572;77;1443495
573;3;1744023
574;1;6845496
575;1;3910000
576;1;1124149
577;1;1501634
578;1;4020452
579;697;3246324
580;9;5742393
581;3;110073716
582;1;86743
583;1;140725
584;1;18845499
585;3;192563
586;2;506195083
587;3;1043907
588;4;1050972
589;1;637630
590;1;2917196
591;2;574040
592;2;21674160
593;6;16254273
594;1;9681708
595;1000;4504331
596;5;210013
597;1;92000
598;2;158138
599;1;6121975
600;1000;7462908
601;1000;2761752
602;279;840114
603;448;1965054
604;263;25756927
605;1;640886
606;1;13592228
607;1000;8633114
608;30;15407324
609;2;5674958
610;1;3251215
611;1;1493461
612;1;1288553
613;2;88575296
614;1;53703436
615;193;5034174
616;16;12378334
617;3;1599554
618;3;1240963
619;26;18242584
620;2;89076
621;1;205732
622;18;1093057
623;2;3972511
624;23;4983856
625;3;1317877
626;1;19472446
627;1;105753
628;5;380722
629;4;1290476
630;1000;4571805
631;523;7647102
632;39;4960819
633;52;3332374
634;10;2124178
635;1;341578
636;1;2652655
637;2;1011332
638;6;848432
639;2;4232124
640;250;2791404
641;3;1991746
642;3;3655525
643;3;958859
644;3;107503
645;1;576409
646;1;1834438
647;476;1107754
648;2;8000581
649;1;904772
650;3;79601015
651;1;6164718
652;2;1691858
653;109;3069124
654;8;3008665
655;13;3737502
656;30;3050589
657;3;1159596
658;8;3795497
659;2;2312002
660;2;4397124
661;1;3302719
662;2;192834452
663;806;26363241
664;3;2979534
665;3;4312570
666;1;1478729
667;1;3681653
668;1;5799138
669;1000;8098934
670;9;12491562
671;5;6280448
672;2;298840
673;1;2531596
674;2;12558011
675;1;4024163
676;2;1448613
677;10;2369157
678;1;44300
679;37;32143681
680;1;156294
681;1;375665
682;1000;2448643
683;2;2016144
684;108;518059
685;3;448075
686;1;4300321
687;2;1621657
688;9;839420
689;1;268300
690;2;916450
691;2;20206345
692;1;2063939
693;1;326227
694;1;579372
695;85;9884144
696;240;1402876
697;1;1087326
698;1;834860
699;4;7127375
700;3;247842
701;3;1323427
702;8;381080
703;14;4108067
704;12;47381873
705;36;4209088
706;1;360005
707;1;240940
708;447;2062043
709;125;1244604
710;61;8071735
711;7;4776319
712;1;67048115
713;2;1076252
714;1000;19512155
715;143;11921841
716;1;2091008
717;1;34433226
718;1;1749008
719;1;476888374
720;2;876947
721;3;706232
722;597;21750302
723;1;429042
724;322;7398647
725;1;22406169
726;2;1026847
727;1;166858518
728;9;2184788
729;177;2596028
730;2;749216
731;1000;3569524
732;6;2093471
733;1;2709781
734;1;271672
735;7;924787
736;13;1936732
737;3;5310795
738;1;16265316
739;1;8232305
740;7;628529
741;47;3794685
742;1;12985470
743;1;785681
744;1;103336
745;1;76588
746;1;32785653
747;1;104612
748;1;287027
749;3;61453937
750;8;66751505
751;534;3860437
752;1;3968107
753;7;5048151
754;6;297667632
755;1000;5560682
756;1;1239361
757;1;13486848
758;1;94300
759;1;2152799
760;1;655169
761;24;1487709
762;6;5074441
763;12;1877132
764;4;171274
765;4;379595
766;1;183136
767;5;16443791
768;1;405282
769;14;1453301
770;9;3126159
771;39;371382
772;889;13323243
773;1;2263033
774;3;17988065
775;587;11948547
776;10;663245
777;4;892284
778;3;376718
779;1;1480095
780;5;60242392
781;19;645587
782;1;6830057
783;1;156770
784;2;125237
785;2;3768494
786;2;1181921
787;2;2365743
788;20;469016
789;1;275450
790;1000;16563166
791;1;15569739
792;3;4560350
793;10;169418
794;9;2360988
795;7;1536359
796;510;567217
797;2;140907897
798;1;267124
799;1;1224715
800;1000;4398182
801;1;73060
802;2;84143
803;724;9623104
804;113;11131789
805;1;134719
806;42;731822
807;7;1459812
808;8;1832939
809;2;473899
810;21;196923
811;6;160451170
812;2;461200
813;2;73895360
814;1;458827
815;5;100133731
816;202;6745458
817;1;5043404
818;1;1757168
819;2;767107
820;6;9446656
821;23;171648845
822;3;530746
823;1;53739759
824;1;62062
825;4;1069121
826;1000;10597198
827;81;3347632
828;2;3200969
829;1;3473970
830;264;8185079
831;1;115413
832;63;1556956
833;1;1290919
834;3;125688
835;4;383810
836;1;764151
837;1;73585
838;5;6950313
839;126;955899
840;1;143143
841;11;3133406
842;19;23843427
843;1;16530126
844;37;415254
845;1;169837076
846;1;3779917
847;3;2496439
848;3;265393
849;2;827700
