 Loading the index...
 Index loaded 22560447990 bytes
0;1000;4445869
1;1000;201052585
2;1000;15912487
3;1000;1048331931
4;1000;252530137
5;57;2245223656
6;1000;105443482
7;1000;288451681
8;1000;138951223
9;1000;20193548
10;1000;62158590
11;1000;83165941
12;1000;196902264
13;57;2345485113
14;1000;15052481
15;1000;35294419
16;1000;83286243
17;1000;10735103
18;1000;40929516
19;1000;206371760
20;0;64033751
21;1000;7721474
22;1000;47780450395
23;1000;23405251
24;1000;17128782
25;1000;10702892
26;1000;18136684
27;1000;5530100
28;1000;17401485
29;1000;36504695407
30;1000;214243251
31;1000;1850062792
32;1000;11608667
33;1000;18412699
34;1000;5284039
35;1000;52277866
36;183;49763463476
37;1000;83146491
38;1000;7065753
39;1000;18459852
40;1000;4815100352
41;1000;41994328
42;1000;33179909
43;1000;112791753
44;8;776354627
45;1000;77661777
46;229;776772617
47;0;2468326
48;71;944115870
49;1000;17166979
50;1000;21378803
51;1000;57698153
52;1000;29785951
53;1000;32853584
54;1000;17449663
55;1000;49415251
56;1000;211232682
57;0;1117248176
58;83;761426528
59;79;759743280
60;1000;27753978
61;1000;19331352
62;95;18334156
63;1000;202634810
64;1000;38946237
65;1000;17455473
66;0;22777184
67;0;15995797
68;28;15285869
69;20;41932890
70;1000;30438924
71;1000;45437362
72;1000;394377509
73;1000;377487556
74;1000;68118546
75;1000;23294701
76;1000;16484989
77;1000;8355799
78;1000;27908087
79;1000;6077301
80;1000;30153309
81;1000;31773215
82;1000;13889960
83;25;3785902
84;200;17145993
85;398;14697107
86;692;44729638
87;1000;11222757
88;1000;44233934
89;1000;11730036
90;1000;29449493
91;23;2533064
92;1000;186741084
93;1000;187464786
94;1000;9626496
95;1000;11680069
96;1000;23367600
97;1000;12416634
98;1000;38837520
99;1000;4344339
100;1000;32383385
101;1000;92040816
102;1000;37499498
103;1000;99670824
104;41;3350163
105;1000;22703815
106;1000;19252796
107;1000;19717018
108;1000;9653343
109;0;677820
110;1000;62809545
111;1000;67062692
112;1000;14242853
113;1000;29145879
114;1000;70676670
115;1000;59205332
116;1000;20552024
117;1000;405613359
118;0;54612
119;0;17962
120;1000;2663093428
121;1000;19812274
122;0;1890358931
123;1000;21976052
124;1000;18976174
125;606;21316540
126;1000;37464134
127;1000;36717804
128;1000;17713522
129;1000;58352429
130;1000;12793241
131;605;17403872
132;0;142803095
133;1000;72203144
134;1000;24366255
135;585;20345225
136;1;14604658
137;1;19487524
138;322;16725485
139;1000;55448963
140;50;38950415
141;1000;5051119
142;1000;2924968
143;1000;16067599
144;62;27740829
145;1000;16928146
146;1000;13249433
147;1000;30316343
148;1000;26450441
149;1000;48395801
150;99;59679623
151;1000;6769603
152;1000;37023188
153;1000;81841592
154;1000;23993576
155;1000;14906482
156;365;4449324
157;1000;3233134
158;1000;446512297
159;1000;439954964
160;1000;466827774
161;1000;412470192
162;922;682808519
163;1000;14835407
164;1000;9978731
165;1000;16102095
166;1000;15115924
167;1000;20973017
168;1000;20661520
169;1000;14746047
170;1000;30534599
171;1000;35614325
172;1000;19657374
173;1000;7226439
174;1000;12180999
175;1000;5383091
176;1000;16894473
177;1000;234106189
178;1000;16309133
179;1000;4155940
180;1000;20822363
181;1000;19344759
182;1000;33416107
183;1000;11966151
184;1000;9016171
185;1000;10515910
186;1000;11732651
187;1000;10631118
188;1000;41462338
189;0;86220113073
190;118;30005698
191;1000;13980250
192;1000;39119793
193;1000;17040964
194;0;214298580
195;1000;5983970
196;1000;1731455
197;1000;179772864
198;1000;9069279
199;1000;17052256
200;1000;18155932
201;296;81295046
202;1000;11263302
203;1000;79849280
204;1000;18115688
205;1000;4576587
206;1000;8334462
207;1000;5741827
208;1000;21679767
209;1000;35376772
210;1000;11286569
211;1000;102003985
212;1000;18380817
213;1000;117957421
214;1000;4755350
215;0;24877
216;1000;7037533
217;1000;21224862
218;1000;5636776
219;1000;7350012
220;1000;16080008
221;1000;12392486
222;1000;30830306
223;18;3483009337
224;1000;25326961
225;1000;21674047
226;1000;9936531
227;86;43071901
228;12;2983682
229;1000;9925925
230;1000;9359502
231;1000;15186032
232;18;2327183
233;1000;21780115
234;1000;8658381
235;1000;16902802
236;1000;263886339
237;1000;3031984
238;1000;36308525
239;57;1527435
240;1000;4374593
241;1000;6989690
242;1000;4760393
243;1000;21299495
244;1000;25716617
245;78;28426178
246;1000;7191146
247;1000;28106323
248;1000;22069657
249;1000;29629016
250;1000;9921080
251;1000;7238627
252;1000;41929964
253;1000;8570757
254;1000;19946541
255;1000;83836543
256;201;3854202
257;1000;23314461
258;432;5206447
259;1000;26506441
260;1000;16681305
261;171;8969279
262;1000;14756554
263;1000;19221814
264;1000;39122136
265;1000;315428265
266;1000;21793247
267;1000;16150021
268;1000;13002091
269;1000;13482507
270;1000;5566497
271;0;19219
272;1000;27644338
273;257;34304293
274;1000;25951440
275;1000;5019736
276;5;4330468578
277;1000;19224755
278;617;8057368
279;1000;6656073
280;1000;10617667
281;1000;96868556
282;0;1428978
283;1000;4651824
284;1000;8849797
285;1000;15379622
286;340;29349537
287;202;16011841
288;1000;4976410
289;1000;11046162
290;1000;66235798
291;1000;15001132
292;1000;45336681
293;1000;12963263
294;1000;18995410
295;1000;27883403
296;1000;27403800
297;1000;22375538
298;1000;62731948
299;0;27567
300;1000;11337539
301;1000;22393758
302;29;4524027
303;1000;16187373
304;1000;9936990
305;0;1150426852
306;1000;23141154
307;1000;39390054
308;1000;10510722
309;330;10036432
310;1000;18341027
311;1000;7846361
312;1000;14192675
313;68;3147572
314;38;1828209
315;1000;22289841
316;1000;9232990
317;1000;6583956
318;1000;5442746
319;1000;32043777
320;1000;19573813
321;1000;18022386
322;1000;35870240
323;703;380320663
324;697;306965842
325;1000;127238491
326;1000;17505580
327;1000;21153260
328;362;17679427
329;1000;26118014
330;0;2632638
331;1000;26037506
332;1000;13319657
333;1000;3760956
334;267;12465866333
335;1000;9522635
336;1000;37936770
337;1000;12543622
338;1000;14611057
339;1000;6949756
340;1000;7747807
341;1000;451589175
342;1000;3286675
343;1000;9461260
344;1000;11144428
345;1000;7795525
346;1000;5739074
347;1000;6947628
348;1000;8728454
349;1000;14953736
350;1000;22326362
351;1000;298817692
352;1000;8662210
353;1000;19601921
354;1000;4115219
355;1000;6969366
356;1000;11409675
357;1000;11927326
358;1000;14084088
359;0;9074754564
360;1000;4690060
361;1000;9421221
362;609;11760697
363;1000;9539745
364;1000;13956785
365;10;353573
366;1000;4966279
367;8;1062714
368;1000;4361165
369;1000;6956412
370;1000;13165652
371;1000;18140762
372;1000;10211052
373;1000;10730636
374;1000;6809760
375;1000;5996920
376;1000;3747979
377;1000;9663891
378;1000;1225829
379;1000;3147433
380;1000;3890032
381;1000;3443219
382;1000;1064464
383;1000;1062242
384;1000;1092717
385;1000;3089833
386;1000;3709973
387;1000;5515040
388;1000;2969694
389;1000;2371604
390;1000;1066494
391;1000;6515790
392;1000;7883871
393;1000;5436129
394;1000;9809720
395;1000;13305795
396;1000;8946396
397;1000;22771702
398;1000;8836894
399;60;1504307
400;1000;13497665
401;1000;7945368
402;1000;9854926
403;1000;16144539
404;1000;21215012
405;1000;7854657
406;1000;5400750753
407;1000;12680796
408;1000;22227394
409;1000;15793394
410;1000;10456718
411;1000;11972199
412;1000;23940823
413;1000;17827804
414;1000;5471569
415;1000;13042532
416;19;4445260
417;1000;14354112
418;1000;4541344
419;1000;8940723
420;0;8794554238
421;1000;18411165
422;1000;7266220
423;1000;2997109
424;1000;4632717
425;1000;20640568
426;1000;2122394
427;1000;8792050
428;1000;5921828
429;1000;15219595
430;1000;9370903
431;1000;5421461
432;1000;18682512
433;1000;4859063
434;1000;9893916
435;1000;5923164
436;1000;4959623
437;1000;9566995
438;1000;16761060
439;1000;6317175
440;1000;10142380
441;1000;6616074
442;1000;5406323256
443;1000;5402687612
444;1000;15008476
445;1000;9347749
446;1000;2911438
447;0;315052524526
448;1000;7227248
449;1000;14187866
450;1000;11254073
451;1000;10541864
452;344;7357868
453;1000;11828437
454;1000;4948712
455;781;19259076
456;1000;6314830
457;1000;9266511
458;1000;11376429
459;1000;742306
460;91;2518846
461;657;10301444
462;23;1538314315
463;1000;16747641
464;1000;6334931
465;1000;10575247
466;1000;10122890
467;1000;12166461
468;1000;15907514
469;1000;7052460
470;1000;21165167
471;7;263007
472;62;84699350
473;1000;13763063
474;55;83140855
475;0;6856273
476;0;10756213
477;0;2547400
478;0;2311485
479;0;2052047
480;1000;11539687
481;1000;8203967
482;1000;7564939
483;701;15230542
484;1000;10271200
485;1000;23628434
486;1000;14029840
487;1000;8611869
488;1000;7282908
489;1000;9656882
490;1000;6581727
491;1000;11729492
492;1000;9840887
493;6;398997
494;1000;31859493
495;1000;4373849
496;1000;15099437
497;1000;31564500
498;1000;8620269
499;1000;11971508
500;1000;12554332
501;1000;8402271
502;0;462259224
503;140;2895385
504;1000;15976788
505;1000;116786352
506;17;790517
507;1000;5914957
508;1000;11632075
509;221;14424790
510;1000;114437964
511;1000;11811366
512;1000;16490906
513;1000;9087021
514;1000;7978115
515;1000;12838894
516;1000;9617340
517;1000;8804144
518;1000;7651855
519;1000;10272436
520;1000;6311867
521;1000;10567813
522;1000;17874926
523;1000;13304461
524;0;13045
525;1000;22669676
526;1000;2428106
527;0;14782
528;1000;13365532
529;1000;13730398
530;1000;3957417
531;20;474116
532;1000;19045207
533;1000;5144825
534;1000;8175299
535;1000;25366884
536;1000;12724713
537;1000;9489730
538;1000;116711998
539;1000;15621679
540;1000;13061314
541;370;577746306
542;1000;21717701
543;1000;6269006
544;35;1014530
545;746;16913917
546;1000;14086624
547;193;1998462
548;1000;13477713
549;1000;11793265
550;1000;8371697
551;315;9785934
552;1000;6563216
553;1000;10933603
554;2;67700
555;15;1103137158
556;1000;28324130
557;1000;14955929
558;1000;9949092
559;1000;15005386
560;1000;10397615
561;1000;16468651
562;1000;3706569
563;1000;114280386
564;1000;9590236
565;50;631657
566;490;20956058
567;1000;14930729
568;86;11962237
569;1000;15175564
570;1000;12209012
571;1000;24238682
572;1000;702301672
573;1000;5020653
574;1000;9343719
575;1000;10153198
576;1000;7161930
577;1000;17580397
578;1000;14454996
579;1000;14793927
580;1000;820639019
581;1000;9032878
582;1000;5727660
583;1000;6238801
584;1000;18649076
585;1000;54064374
586;1000;11515776
587;1000;11532277
588;1000;10387650
589;1000;20638255
590;1000;20810695
591;1000;5313194
592;54;1147688182
593;1000;10447472
594;0;6270428547
595;1000;5396005313
596;1000;16001740
597;1000;6824330
598;1000;17110308
599;1000;8752115
600;1000;14282615
601;1000;14014068
602;1000;18545691
603;1000;9126617
604;1000;7595397
605;93;1708811
606;1000;16812201
607;1000;12435581
608;1000;4453201
609;0;19668
610;24;706824
611;1000;16966108
612;1000;6513736
613;1000;11210289
614;1000;4480538
615;1000;37976583
616;1000;7675841
617;119;2967601629
618;1000;11516319
619;1000;9293556
620;1000;17491696
621;1000;8378504
622;1000;9396255
623;1000;16724930
624;1000;15635884
625;1000;14840461
626;0;4192965
627;1000;98200209
628;47;1035992
629;1000;9397449
630;1000;18404926
631;1000;10970542
632;1000;10242316
633;0;1079752753
634;1000;8655061
635;0;394142218
636;0;67831276
637;0;27426
638;1000;17626130
639;1000;11036369
640;1000;58861427
641;1000;8774223
642;407;15930052
643;1000;23266031
644;293;28341770
645;1000;7250093
646;1000;17406975
647;1000;16857638
648;1000;20707880
649;1000;18498312
650;1000;48719878
651;1000;16345286
652;1000;95187990
653;1000;2129120
654;1000;11355455
655;1000;7467590
656;1000;4702997
657;267;16802108
658;1000;16454665
659;1000;179609033
660;1000;51345258
661;1000;35859486
662;1000;22841836
663;1000;14426585
664;6;472996
665;68;43258161
666;170;8024574
667;1000;29761805
668;1000;18336476
669;1000;9512688
670;1000;9074240
671;1000;28598683
672;1000;5071227
673;1000;18915459
674;1000;8765637
675;595;7917415
676;1000;21452068
677;302;11436736
678;1000;22218476
679;1000;12622075
680;1000;24896275
681;1000;5453323
682;260;3347222
683;34;3059288
684;1000;7568804
685;1000;18110919
686;1000;20080235
687;0;2953932
688;1000;25837661
689;1000;15390552
690;1000;14456932
691;1000;23581928
692;1000;10663239
693;1000;18544042
694;1000;7199902
695;1000;15587279
696;1000;18073983
697;1000;8745718
698;1000;5137043
699;1000;5693016
700;1000;5790118
701;1000;8838561
702;1000;12369339
703;1000;4505179
704;23;382412
705;1000;17372040
706;1000;11359866
707;56;545422
708;1000;10342223
709;1000;6878101
710;1000;11431138
711;1000;4160017
712;1000;5144300
713;1000;9289498
714;2;123760
715;1000;12667121
716;1000;12762896
717;1000;11590907
718;1000;6080935
719;1000;8046383
720;1000;20622204
721;1000;11216450
722;1000;10585678
723;1000;6667308
724;1000;9220944
725;8;207431
726;1000;17414848
727;1000;10837843
728;1000;5768882
729;15;438840
730;1000;11804491
731;1000;13735886
732;1000;15294027
733;1000;9406264
734;1000;12442258
735;1000;12469142
736;1000;10303537
737;1000;10540095
738;1000;9225425
739;1000;10944618
740;1000;14843429
741;1000;18046542
742;1000;15776799
743;1000;13017647
744;1000;9550066
745;1000;4529808
746;1000;9994632
747;110;1357881
748;1000;6799697
749;1000;9242251
750;1000;4337471
751;1000;11170224
752;1000;11299986
753;1000;3703200
754;1000;14495431
755;1000;11672481
756;1000;5385747
757;1000;7699795
758;1000;8733161
759;1000;6971245
760;1000;18407066
761;1000;11696035
762;1000;10593820
763;1000;11221930
764;1000;5617121
765;1000;10959787
766;22;694915
767;1000;17250434
768;1000;6805899
769;1000;14970529
770;1000;10321262
771;1000;9802641
772;1000;11792049
773;1000;6663356
774;1000;9599213
775;1000;2319553
776;413;6565131
777;1000;8052299
778;1000;14957419
779;1000;9255114
780;1000;10996863
781;1000;14333074
782;1000;13020170
783;1000;11016674
784;1000;7361456
785;1000;18689031
786;1000;17746397
787;1000;11418210
788;1000;11964419
789;104;983692
790;1000;11432814
791;1000;10181890
792;405;7194265
793;1000;8778500
794;1000;7037245
795;1000;10648778
796;1000;2840903
797;1000;13205530
798;13;284095
799;24;416258
800;11;211367
801;1000;11481569
802;71;873954
803;1000;10116592
804;1000;10467722
805;28;444442
806;1000;16887863
807;1000;13496384
808;16;373755
809;16;297768
810;12;208125
811;1000;15198416
812;1000;11465795
813;1000;19306535
814;1000;23714338
815;1000;8789582
816;1000;7551259
817;1000;19457421
818;1000;17898604
819;124;1416486
820;1000;22394199
821;1000;14976585
822;1000;16997308
823;1000;10902474
824;1000;13737848
825;1000;19596116
826;1000;5077394
827;1000;14014252
828;1000;12292863
829;1000;16315398
830;1000;7371852
831;1000;4731349
832;1000;13907780
833;1000;13312298
834;1000;4735475
835;1000;9887626
836;1000;12587841
837;1000;12784923
838;1000;10703237
839;1000;17560633
840;1000;11762068
841;62;793286
842;82;1943898
843;1000;6317191
844;693;11271642
845;1000;13195897
846;1000;11051882
847;1000;15478349
848;1000;14338843
849;1000;18316840
850;260;3829889
851;176;4035800
852;1000;15077351
853;1000;11686641
854;1000;12087260
855;1000;10408903
856;582;17272141
857;27;478576
858;1000;4568599
859;1000;9833168
860;1000;18941211
861;1000;8339080
862;1000;11854342
863;1000;18758564
864;1000;20565473
865;154;1649154
866;1000;6930030
867;1000;15498884
868;1000;11052830
869;1000;18491577
870;1000;15370181
871;1000;10409741
872;1000;6590493
873;1000;15248537
874;382;5157750
875;1000;8384752
876;1000;19564588
877;1000;15336525
878;45;663814
879;1000;17299446
880;6;159209
881;1000;16594998
882;1000;24606509
883;1000;9111276
884;1000;10877230
885;1000;9739516
886;1000;10574965
887;1000;17077482
888;1000;17139773
889;10;286472
890;1000;17904458
891;1000;15079208
892;1000;13671143
893;623;11084637
894;444;6966043
895;1000;9352544
896;981;21579821
897;1000;9850318
898;1000;12961960
899;1000;18627354
900;1000;12528630
901;1000;17749184
902;1000;13153169
903;1000;18554717
904;1000;11617048
905;1000;9193723
906;1000;4467723
907;1000;9795598
908;1000;7023048
909;1000;3650394
910;1000;13113978
911;1000;13866117
912;1000;22388064
913;1000;17016263
914;1000;12750066
915;1000;14144369
916;1000;5126504
917;1000;1822748
918;1000;3974143
919;1000;2882343
920;1000;12414039
921;100;1084131
922;1000;13259369
923;1000;19040362
924;1000;10026698
925;1;2647907
926;1000;126257941
927;2;286297
928;113;10984217
929;73;25608251
930;647;28656655
931;1000;5920200
932;1000;6509146
933;1000;8495776
934;459;2697608
935;670;31371625
936;0;61765
937;1000;43961613
938;1000;8860840
939;137;1291091
940;1000;15957763
941;1000;6158710
942;7;153113
943;20;1587844
944;1000;7040136
945;1000;11569582
946;0;22477
947;2;129780
948;1000;4413795
949;31;4478706
950;33;31896847
951;1000;4331444
952;1000;76578447
953;1000;7309792
954;1000;4999701
955;1000;64361832
956;1000;7011459
957;203;3505951
958;666;3235107
959;1000;3786566
960;1000;2593847
961;107;2176089
962;1000;3833032
963;1000;3357822
964;1000;6673500
965;1000;6501313
966;258;2386545
967;1000;5722702
968;1000;8437175
969;1000;7451024
970;1000;4144506
971;0;145743
972;1000;26728065
973;36;867535
974;32;369133
975;52;6926306
976;15;1234868
977;37;2660990
978;35;992561
979;0;32369
980;116;12784965
981;3;172823
982;31;680669
983;1000;3412460
984;1000;6738383
985;403;29770630
986;1000;20972768
987;1000;15503736
988;372;34454613
989;65;6806937
990;282;6606783
991;1000;11476026
992;11;2359660
993;731;16412388
994;77;1864156
995;1000;2555121
996;1000;7384637
997;59;436367
998;50;4342584
999;63;1048815
1000;0;54082
1001;0;9630
1002;1000;415942400
1003;1000;8110275459
1004;1000;6640287
1005;0;30288
1006;764;5063092
1007;1000;345582761
1008;20;148942
1009;183;1819621
1010;1000;401497705
1011;54;684405
1012;1000;19037394479
1013;1000;5779777717
1014;54;682919
1015;0;24915
1016;233;2021829
1017;1000;499528383
1018;71;734728
1019;1000;488500446
1020;198;300199
1021;1000;562988183
1022;1000;33440850
1023;1000;593651423
1024;156;1122391
1025;1000;35102687
1026;1000;423966892
1027;131;1471602
1028;1000;742733994
1029;1000;507421650
1030;339;3130864
1031;634;4627966
1032;1000;76125716
1033;351;2853367
1034;1000;68400062
1035;1000;816219408
1036;1000;9484709
1037;1000;50051095
1038;1000;325201375
1039;0;43853
1040;1000;496652007
1041;1000;58790785
1042;1;80775
1043;1000;164619382
1044;357;2315172
1045;1000;681992577
1046;0;34347
1047;1000;9601498
1048;10;138655
1049;14;192607
1050;1000;248320670
1051;1000;6022830135
1052;1000;933301756
1053;1000;1233203735
1054;8;141017
1055;0;23402
1056;1000;24093820
1057;1000;989557638
1058;1000;284232365
1059;1000;766500136
1060;74;828242
1061;1000;25631494
1062;1000;178448255
1063;1000;56703024
1064;1000;761573006
1065;1000;91404794
1066;1;71752
1067;1;56180
1068;1000;3511521449
1069;63;716382
1070;1000;7790050
1071;1000;982007509
1072;1000;482638713
1073;1000;103093838
1074;20;374548
1075;751;5799191
1076;1000;1280420526
1077;1000;128219999
1078;1000;2062734832
1079;37;470989
1080;309;3062256
1081;0;24705
1082;1000;4792215
1083;1000;20360353
1084;1000;695817375
1085;1000;91417875
1086;1;79260
1087;60;631232
1088;0;20198
1089;0;20394
1090;0;17878
1091;0;19150
1092;1000;2572412721
1093;0;33695
1094;0;23252
1095;0;20537
1096;1;63707
1097;0;19487
1098;0;15853
1099;102;107760
1100;0;19535
1101;150;1326741
1102;0;24985
1103;62;515302
1104;67;500610
1105;8;115045
1106;45;506244
1107;1000;197825703
1108;167;460436
1109;922;5657072
1110;1000;6408708
1111;341;1252309
1112;2;68492
1113;295;2076596
1114;0;20885
1115;0;19832
1116;0;16570
1117;20;87212
1118;559;4169311
1119;1;41297
1120;1000;1142274071
1121;1000;7634618
1122;2;78003
1123;1;39366
1124;1;41110
1125;285;1340594
1126;1000;214947354
1127;21;366589
1128;42;520292
1129;1000;1950687297
1130;1000;723077866
1131;131;1347324
1132;1;59763
1133;1000;484837245
1134;1000;3996084387
1135;1000;112546820
1136;1000;79510636
1137;29;373253
1138;4;88116
1139;1000;7266246
1140;1000;99067028
1141;29;253390
1142;805;4892164
1143;249;2039123
1144;11;170772
1145;681;3584818
1146;108;882444
1147;54;491977
1148;89;867852
1149;733;5380442
1150;1000;17558290
1151;1000;88042631
1152;7;157455
1153;1000;76926467
1154;318;1794011
1155;3;75245
1156;299;2392874
1157;1;41750
1158;366;2570453
1159;1000;249855558
1160;1000;204379838
1161;1000;119038697
1162;40;427788
1163;1;60991
1164;1;44525
1165;0;27267
1166;204;273472
1167;1000;69712172
1168;1;66835
1169;1000;1152220317
1170;473;3780448
1171;7;98420
1172;0;23198
1173;1000;7370815
1174;1000;182975282
1175;1000;42561223
1176;40;473910
1177;1000;46484716
1178;282;2229648
1179;1000;145731771
1180;1;88815
1181;1000;23278350
1182;14;163503
1183;38;353434
1184;114;997737
1185;1;41226
1186;55;372995
1187;1000;26594006
1188;2;99748
1189;23;253439
1190;222;1505664
1191;305;1221798
1192;1000;10909322
1193;1000;96720743
1194;1000;8492287
1195;3;87983
1196;1000;40367321
1197;0;44339
1198;34;458744
1199;534;4328167
1200;1000;180608679
1201;1000;40849352
1202;45;294037
1203;1000;38839430
1204;1;69414
1205;1;51938
1206;9;97800
1207;20;261488
1208;890;5334642
1209;1000;150733766
1210;1000;38569797
1211;7;146611
1212;1;56333
1213;338;1247112
1214;16;167224
1215;1;44175
1216;1;39331
1217;1000;22529498
1218;35;436864
1219;27;310454
1220;1000;114403303
1221;1000;10615795
1222;222;1798405
1223;210;1335195
1224;1000;469593743
1225;1000;15841411
1226;1000;77846149
1227;17;223393
1228;277;2114760
1229;114;856920
1230;0;25170
1231;0;2232
1232;1000;10592495
1233;13;236949
1234;6;104656
1235;1000;16976328
1236;38;485360
1237;1000;168535215
1238;1000;5711071
1239;78;650629
1240;1000;330382295
1241;50;593557
1242;320;2781798
1243;1000;1055788880
1244;1000;552635135
1245;0;35803
1246;259;2414824
1247;1;60227
1248;1;39812
1249;1000;7863770
1250;1;53332
1251;1;31680
1252;3;54130
1253;2;48511
1254;479;3878252
1255;1;43817
1256;0;19376
1257;0;14237
1258;0;12178
1259;0;11101
1260;0;26638
1261;0;6880
1262;1000;66809030
1263;1000;7436162
1264;150;1380567
1265;1000;41105368
1266;1000;16678118
1267;500;3939980
1268;269;2087980
1269;1;50182
1270;1000;10715432
1271;654;3752478
1272;72;602280
1273;860;4908004
1274;34;371258
1275;13;131612
1276;1000;19617789
1277;1000;6914671
1278;1000;80533550
1279;5;126772
1280;185;1715293
1281;70;699372
1282;1000;116347337
1283;27;404595
1284;215;1400975
1285;76;703971
1286;1000;68106057
1287;1000;561382206
1288;1;79170
1289;1;34658
1290;1;56085
1291;1;44157
1292;68;626388
1293;9;144966
1294;0;23555
