 Loading the index...
 Index loaded 1758051510 bytes
0;1;11074958
1;1000;2711758
2;1;2184953
3;27;3655783
4;273;1798561
5;1;1395806
6;1;850802
7;2;267404
8;1;50506966
9;1000;2595311
10;2;1180752
11;10;1187552
12;1;195355
13;81;5662027
14;8;12752236
15;11;19143304
16;4;172427
17;10;115545
18;3;13969640
19;2;1258699
20;4;429307
21;50;98172743
22;5;2855236
23;17;47535958
24;2;4518322
25;2;8926996
26;245;1658061
27;10;703624
28;1;183289
29;248;45497079
30;1;1569430
31;2;175309
32;1;12320649
33;1;19804333
34;102;27245893
35;2;2964965
36;11;41506957
37;1;255254
38;9;28713868
39;1;5835029
40;1;105800
41;1;24100265
42;7;1196524
43;1;5849219
44;5;3728529
45;1;86937055
46;1;2107001
47;1;443480
48;3;5548246
49;1000;5847535
50;1;1322756
51;1;1109036
52;1;672893
53;1;1016219
54;1;14120895
55;32;488415
56;926;3048193
57;1;198687
58;1;2767163
59;1;77915
60;1;56102424
61;1;210348
62;507;8056794
63;4;1029474
64;2;95480
65;2;938272
66;1;1333355
67;26;2264779
68;1;712582
69;6;1184653
70;29;121207
71;1;238602
72;1;1422250
73;308;207218785
74;1;397481
75;1;932422
76;15;17859880
77;24;1381899
78;3;1218832
79;1;9863850
80;16;3368508
81;76;289162
82;1;777490
83;32;1120692
84;56;2099176
85;1;1128233
86;37;344239
87;1;465738
88;20;963812
89;1000;3422941
90;1;2769838
91;35;511016
92;1;1723656
93;22;242004
94;1;118953
95;1;764823
96;1000;4095527
97;4;703998
98;1;907375
99;188;21234745
100;1;319073
101;1;778402
102;1;2261333
103;1;3597151
104;1;43261854
105;1;442773
106;9;5032696
107;1;235987
108;76;711562
109;143;2970945
110;7;1550469
111;33;279917
112;688;9188663
113;3;60855474
114;233;5423512
115;1;860741
116;8;1590826
117;7;4914206
118;1000;132241383
119;1;576093
120;1;8633364
121;2;227234
122;5;3144456
123;1;4579721
124;93;710671
125;1;568637
126;12;5067374
127;4;849515
128;3;1296314
129;1000;1529712
130;1;1661606
131;1;18548607
132;3;32725784
133;2;733342
134;1;180164
135;1;268898
136;1;533457
137;120;669870
138;2;5607958
139;7;19564224
140;365;1833051
141;1;7142597
142;23;2347431
143;7;6923550
144;1;1007855
145;122;3952504
146;2;1287880
147;71;719336
148;1;371683
149;61;915072
150;1;10785957
151;1;14909877
152;1000;5049323
153;1;25490556
154;9;342060
155;3;1903408
156;6;683947
157;1;804690
158;7;535200
159;1;1714247
160;1;671489
161;386;2895161
162;30;6332291
163;1;98870
164;18;381224
165;1000;10665099
166;1;1241062
167;97;423540
168;1000;3691951
169;2;4205262
170;83;75523891
171;1000;4036715
172;2;249771859
173;234;5402397
174;1;30480286
175;1000;767329
176;1;499055
177;1;11221747
178;1;3138203
179;1000;4476382
180;1;125992
181;1;1223132
182;128;1817521
183;1000;8718420
184;1;31799919
185;1;1992091
186;1;3864333
187;1;1181940
188;2;1284101
189;3;6743204
190;59;63788482
191;2;81425225
192;1;1342978
193;1;474120
194;1000;5686903
195;1;19092921
196;80;4575307
197;3;6423250
198;8;128368
199;65;12546226
200;1000;1611077
201;2;6110696
202;35;21869750
203;8;757566
204;1;210012
205;1;4086632
206;3;460226
207;1;808194569
208;2;251621
209;568;4168445
210;1;41425668
211;113;5002062
212;1;3036484
213;9;1070684
214;1;34338217
215;3;1451861
216;1;766056
217;1;268990
218;1000;10323854
219;3;1399441
220;3;19841741
221;1;261343
222;1;838015
223;12;1609848
224;1;1005190
225;3;1631913
226;3;78501606
227;1;1179800
228;1;18523301
229;5;148383
230;34;5334303
231;2;233537
232;31;3893640
233;1;12038997
234;1;3250753
235;1;7505281
236;4;1392547
237;1;141834383
238;1;1435451
239;22;30581679
240;1000;19058501
241;12;1628641
242;7;1566809
243;5;7162952
244;1;310953
245;1;335677
246;3;148773
247;1;265612
248;1;25702774
249;4;15061146
250;1;670099
251;2;864047
252;87;1160259
253;30;3586373
254;2;12780936
255;15;1946494
256;2;1323889
257;1;216468
258;2;746582
259;1;558538
260;1;523192
261;2;3748754
262;1;601424
263;2;116180
264;2;69232
265;284;2783236
266;1;138371
267;1;585372
268;3;441562
269;1000;3852320
270;1;1737526
271;1;1039978
272;1000;5670578
273;3;216161
274;2;2571750
275;64;4567060
276;2;103170
277;25;264236
278;5;1895826
279;3;2031719
280;5;401075406
281;1;1147590
282;1;193385
283;12;193765941
284;17;665999
285;1;2957387
286;1000;4194690
287;4;49308939
288;37;3050538
289;1;1796089
290;3;218950843
291;432;1878493
292;1;270197
293;172;6223555
294;8;426003
295;1;130164
296;38;1339702
297;3;3313110
298;1;5710356
299;1;111829
300;1;3677913
301;10;1438505
302;2;2704903
303;4;1632510
304;6;87840
305;52;1138654
306;1;63679
307;2;5535403
308;4;903247
309;320;2280316
310;1;144437
311;1;19452273
312;1000;2821788
313;1;3063236
314;1;625893
315;2;3850517
316;24;489957
317;24;531080
318;1;298144
319;1;119402
320;2;2698220
321;1;430656
322;1;34945570
323;22;2423027
324;67;2622289
325;1;9063103
326;1;1662974
327;4;28114307
328;1;740262
329;1;58965
330;1;1002363
331;2;19556576
332;21;2227013
333;1;1067189
334;18;1092504
335;1;207586
336;1000;11237982
337;50;15188804
338;830;2697294
339;6;2063523
340;1;514475
341;1;3016796
342;24;73260760
343;7;575922
344;1;6536313
345;1;31000573
346;2;16789163
347;1;1511985
348;4;3880125
349;1;546667
350;2;15049356
351;1;43511971
352;48;709399
353;7;910123
354;9;4722176
355;1000;12728696
356;2;55434413
357;23;3382425
358;1;429433
359;1;8158521
360;1;14108306
361;1;15127054
362;14;1077667
363;30;6342633
364;21;1249184
365;1000;7894467
366;1;9212597
367;1;7053686
368;704;4538969
369;3;1244374
370;1;304980
371;2;475945
372;1;41438360
373;8;184662
374;1000;15239391
375;1;3310414
376;65;455142
377;1;4274020
378;1;2465015
379;1;1279734
380;1000;7514149
381;1;93922
382;1;188287
383;1;61802
384;3;409328
385;1;52320504
386;486;16699142
387;1;233988
388;50;655611201
389;4;11826706
390;1000;4857930
391;6;445295
392;3;515233
393;16;2599071
394;883;18219047
395;1;3372341
396;1000;7271761
397;221;34607865
398;20;943374
399;1;10860100
400;1;3244925
401;1;761002
402;23;2375246
403;1000;2614559
404;2;15227779
405;2;354310
406;4;1688561
407;4;3546237
408;59;590074568
409;1;1777343
410;6;43003160
411;1;312779
412;1;33807825
413;14;1890344
414;2;20455934
415;3;36457311
416;141;25321357
417;1;428495
418;1;189595
419;3;3908768
420;151;2283281
421;2;13256646
422;25;302719
423;1;964619
424;1;9953276
425;1;7057918
426;1;8322400
427;1;4811516
428;1;777147
429;1;9857488
430;2;86999095
431;117;1184990
432;2;85432
433;49;22388389
434;1;334956
435;2;2954740
436;1;582356
437;1;105332
438;1;685202
439;3;675550
440;2;955233
441;2;2119124
442;10;738742
443;1000;11545328
444;1;945626
445;1;42186807
446;7;1062988
447;3;1420512
448;2;23027617
449;32;1434306
450;2;504593
451;56;8716859
452;1000;3727628
453;1000;2502739
454;1;6360738
455;29;3315170
456;5;287080
457;1;109266
458;328;1812546
459;1;1192892
460;83;5009732
461;6;98254673
462;1;25213477
463;1;3953004
464;4;393520
465;1;2525640
466;2;733372
467;1;930991
468;19;1566517
469;1;635694
470;1000;4294774
471;1;1860766
472;1;297492
473;2;21407198
474;1;851731
475;248;2443436
476;1;1503709
477;349;2765781
478;1;1632224
479;2;347890
480;14;4194775
481;73;7981589
482;2;641544
483;2;411312
484;1;142910
485;1;61786
486;1;2054887
487;1;208020
488;20;1934791
489;48;2535004
490;1;2563080
491;1;67399187
492;120;728815
493;1;453347
494;1;1482418
495;1000;4006867
496;153;4170932
497;3;517399201
498;1;411618
499;3;5003226
500;1;77179826
501;1;80913150
502;150;1222182
503;29;1133122
504;1;38518077
505;1;12146971
506;1;95907
507;1;834314
508;11;856445
509;1;159161
510;1000;6015023
511;1;624207
512;4;6859775
513;117;4739702
514;2;17617078
515;1;53721841
516;26;8095260
517;4;1619344
518;13;672810
519;1;196759
520;18;2206166
521;4;3616252
522;1000;5478019
523;1;2634527
524;532;11203248
525;1;6962790
526;1;426246
527;131;5691586
528;1;538157
529;1;10514070
530;1;711530
531;6;701780
532;141;768597
533;8;2865655
534;250;15802977
535;1000;4378191
536;149;2883278
537;4;373680
538;4;12798596
539;2;27626068
540;3;631949
541;1;496454
542;1;287197
543;5;3918987
544;1;246361
545;1;79963
546;6;257719
547;1;783812
548;3;771053
549;1000;4977844
550;1;6551275
551;2;176058
552;1;105603
553;1;294676
554;7;318945
555;1;3856215
556;1;523627
557;1;13822377
558;309;5168211
559;6;947712
560;1;777842
561;3;2567261
562;12;17905819
563;1000;4062759
564;3;660812
565;1;1724142
566;2;17816350
567;2;186942
568;6;155255
569;326;7784883
570;13;281736884
571;1;139805189
572;77;1325049
573;3;1281147
574;1;7285950
575;1;4385074
576;1;1027189
577;1;961499
578;1;2902736
579;697;2889491
580;9;5015424
581;3;159646439
582;1;71745
583;1;100968
584;1;13311629
585;3;207026
586;2;615002145
587;3;789925
588;4;711155
589;1;432266
590;1;3395412
591;2;545892
592;2;30911455
593;6;17915010
594;1;11396687
595;1000;4751575
596;5;221662
597;1;86613
598;2;267570
599;1;7683415
600;1000;8018301
601;1000;2667586
602;279;857129
603;448;1717238
604;263;36297605
605;1;652319
606;1;22940946
607;1000;8299161
608;30;29143354
609;2;4657768
610;1;2731363
611;1;943168
612;1;731718
613;2;112883527
614;1;91072838
615;193;4600864
616;16;10480533
617;3;1279859
618;3;828323
619;26;21368028
620;2;79157
621;1;171873
622;18;698306
623;2;2395401
624;23;7062368
625;3;622398
626;1;22869758
627;1;102172
628;5;215294
629;4;635119
630;1000;4691494
631;523;8343846
632;39;4296614
633;52;2141501
634;10;1484219
635;1;307408
636;1;1608286
637;2;604157
638;6;554129
639;2;6257231
640;250;2802431
641;3;1381097
642;3;2158894
643;3;691927
644;3;91622
645;1;331687
646;1;1345469
647;476;746132
648;2;9504271
649;1;755507
650;3;40778300
651;1;4071472
652;2;1166216
653;109;2503171
654;8;1544103
655;13;5386879
656;30;1785240
657;3;1097169
658;8;4131012
659;2;2096935
660;2;2705998
661;1;2833138
662;2;196488863
663;806;26641703
664;3;5590690
665;3;3218183
666;1;1102369
667;1;3991693
668;1;3197710
669;1000;7328853
670;9;16735208
671;5;6340323
672;2;347054
673;1;1457768
674;2;12482679
675;1;4009495
676;2;870530
677;10;1266657
678;1;58295
679;37;43212430
680;1;148705
681;1;376025
682;1000;2271545
683;2;1606921
684;108;519484
685;3;419660
686;1;5623793
687;2;1184944
688;9;799276
689;1;286360
690;2;479332
691;2;31067019
692;1;1817617
693;1;347927
694;1;762457
695;85;10414419
696;240;1412206
697;1;932589
698;1;594015
699;4;5787805
700;3;170091
701;3;1185844
702;8;318636
703;14;3866510
704;12;31118246
705;36;2906469
706;1;200365
707;1;191437
708;447;1972653
709;125;1250959
710;61;4062059
711;7;3577705
712;1;94887081
713;2;766889
714;1000;48741325
715;143;17121431
716;1;1544759
717;1;32228150
718;1;1042502
719;1;451145010
720;2;657515
721;3;459906
722;597;36657676
723;1;426787
724;322;6257441
725;1;29542512
726;2;679122
727;1;193759519
728;9;2456956
729;177;2834453
730;2;538139
731;1000;3499716
732;6;1951355
733;1;2941386
734;1;150590
735;7;636632
736;13;1347889
737;3;2578970
738;1;25817309
739;1;8251123
740;7;442924
741;47;3152363
742;1;11465521
743;1;623602
744;1;99545
745;1;67312
746;1;37057726
747;1;124311
748;1;219490
749;3;102507819
750;8;71716309
751;534;3595740
752;1;1892852
753;7;6178391
754;6;302931483
755;1000;5632122
756;1;720747
757;1;22068704
758;1;91140
759;1;1988252
760;1;449474
761;24;868344
762;6;3795647
763;12;951690
764;4;131592
765;4;195083
766;1;145124
767;5;26806344
768;1;394637
769;14;1358002
770;9;3932812
771;39;370922
772;889;12919250
773;1;2318739
774;3;25939285
775;587;11310291
776;10;740647
777;4;676109
778;3;308998
779;1;1022966
780;5;68343779
781;19;435968
782;1;5027891
783;1;109229
784;2;97794
785;2;5581746
786;2;895439
787;2;1748702
788;20;561235
789;1;194249
790;1000;26974004
791;1;17921307
792;3;3416657
793;10;180530
794;9;1235344
795;7;1058446
796;510;506897
797;2;192826000
798;1;259904
799;1;1148649
800;1000;4050529
801;1;76272
802;2;92740
803;724;10395534
804;113;9102312
805;1;108132
806;42;585172
807;7;1466066
808;8;2279036
809;2;322755
810;21;196324
811;6;281857891
812;2;348402
813;2;76521482
814;1;293754
815;5;141345676
816;202;6878357
817;1;2917862
818;1;1207229
819;2;589552
820;6;5023981
821;23;260857731
822;3;475944
823;1;34453479
824;1;48905
825;4;624400
826;1000;10447602
827;81;3181170
828;2;3060223
829;1;2622738
830;264;7326278
831;1;125632
832;63;1519117
833;1;938815
834;3;86780
835;4;371997
836;1;483947
837;1;81708
838;5;6252451
839;126;792504
840;1;93620
841;11;2311116
842;19;26728506
843;1;22130427
844;37;361902
845;1;103941037
846;1;5871436
847;3;2538680
848;3;280760
849;2;803395
