 Loading the index...
 Index loaded 3819164670 bytes
0;1;1941536
1;1000;2756704
2;1;161147232
3;27;23225455
4;273;1779192
5;1;264879
6;1;969022
7;2;341675
8;1;7294536
9;1000;2559303
10;2;1240726
11;10;1243856
12;1;9685558
13;81;5696744
14;8;785627
15;11;25856482
16;4;204127
17;10;167044
18;3;23312640
19;2;1337896
20;4;476130
21;50;110111715
22;5;3004120
23;17;61048831
24;2;4579961
25;2;8816932
26;245;1710231
27;10;731641
28;1;233408
29;248;54923378
30;1;1672579
31;2;244835
32;1;15531924
33;1;7003178
34;102;47938023
35;2;3048032
36;11;10503533
37;1;291175
38;9;31671800
39;1;11286080
40;1;135216
41;1;29855603
42;7;1223948
43;1;4112286
44;5;3724394
45;1;568320
46;1;1940123
47;1;478031
48;3;5553410
49;1000;6090488
50;1;1349831
51;1;1151859
52;1;1938241
53;1;1081940
54;1;599663
55;32;507191
56;926;3093775
57;1;230815
58;1;575590
59;1;38805532
60;1;76733037
61;1;260277
62;507;8143497
63;4;1069412
64;2;145417
65;2;995490
66;1;1659009
67;26;2345734
68;1;802609
69;6;1221444
70;29;167650
71;1;246996
72;1;1450055
73;308;96157876
74;1;447342
75;1;928320
76;15;3937207
77;24;1371612
78;3;1263012
79;1;1803941
80;16;3350777
81;76;304222
82;1;805695
83;32;1122002
84;56;2300009
85;1;233988
86;37;387664
87;1;527552
88;20;980554
89;1000;3499452
90;1;4110164
91;35;533610
92;1;1944444
93;22;320626
94;1;380787
95;1;791605
96;1000;4180772
97;4;751038
98;1;9950270
99;188;2485186
100;1;212777
101;1;832776
102;1;11513789
103;1;211911
104;1;75235622
105;1;514711
106;9;4756259
107;1;286340
108;76;759782
109;143;2982876
110;7;1613771
111;33;318592
112;688;9267779
113;3;82686858
114;233;5480311
115;1;934664
116;8;1637202
117;7;7697159
118;1000;132526607
119;1;667994
120;1;10027518
121;2;285211
122;5;2249971
123;1;6921310
124;93;750402
125;1;666112
126;12;986022
127;4;900396
128;3;1349397
129;1000;1542346
130;1;1724162
131;1;886898
132;3;8924358
133;2;25586635
134;1;234759
135;1;326285
136;1;47822028
137;120;1323773
138;2;1140877
139;7;13841369
140;365;1871661
141;1;8471561
142;23;2399469
143;7;5806071
144;1;1041679
145;122;4025372
146;2;837371
147;71;787209
148;1;420965
149;61;956992
150;1;633327
151;1;18802741
152;1000;5153313
153;1;28429275
154;9;381284
155;3;1973587
156;6;739513
157;1;882035
158;7;1205182
159;1;1786913
160;1;707919
161;386;2956794
162;30;2293161
163;1;139608
164;18;422756
165;1000;10671523
166;1;1367523
167;97;496094
168;1000;3631460
169;2;6386257
170;83;61112214
171;1000;3974851
172;2;27900487
173;234;5424436
174;1;18158052
175;1000;771450
176;1;551222
177;1;14180615
178;1;10468359
179;1000;4595182
180;1;155548
181;1;1036564
182;128;1878754
183;1000;8820321
184;1;36424973
185;1;2045808
186;1;36269667
187;1;2814943
188;2;1365331
189;3;781115
190;59;14111286
191;2;7004245
192;1;1462006
193;1;499409
194;1000;5506173
195;1;28683444
196;80;4883129
197;3;37859053
198;8;210000
199;65;10764948
200;1000;1716401
201;2;8303603
202;35;3921940
203;8;796636
204;1;283152
205;1;2379518
206;3;4402087
207;1;2281586
208;2;236917
209;568;4702406
210;1;21470955
211;113;5142660
212;1;3428945
213;9;1305360
214;1;119652298
215;3;1556529
216;1;822422
217;1;336467
218;1000;10436987
219;3;1468904
220;3;16218566
221;1;302222
222;1;904888
223;12;1595731
224;1;1064311
225;3;1643985
226;3;7694241
227;1;2752603
228;1;3113851
229;5;180752
230;34;5471779
231;2;293790
232;31;3954141
233;1;5773946
234;1;8256519
235;1;15760034
236;4;1509987
237;1;385597
238;1;1431688
239;22;36663403
240;1000;19195914
241;12;16334192
242;7;1574126
243;5;1368551
244;1;355537
245;1;390138
246;3;180237
247;1;312627
248;1;903145
249;4;17637695
250;1;839947
251;2;904265
252;87;1203962
253;30;3486439
254;2;3476155
255;15;2011256
256;2;1344047
257;1;245440
258;2;784349
259;1;26126141
260;1;561420
261;2;3761558
262;1;664540
263;2;179968
264;2;89814
265;284;3039918
266;1;180340
267;1;662100
268;3;485017
269;1000;3966361
270;1;1802241
271;1;11756682
272;1000;5785153
273;3;277145
274;2;2703292
275;64;5063980
276;2;144765
277;25;298253
278;5;1939415
279;3;2136641
280;5;451798622
281;1;1194078
282;1;237782
283;12;265737066
284;17;725692
285;1;2979385
286;1000;4281150
287;4;2725576
288;37;3031488
289;1;1759724
290;3;163221986
291;432;1937112
292;1;526034386
293;172;6512075
294;8;507798
295;1;434520
296;38;1372594
297;3;24939502
298;1;7862317
299;1;159663
300;1;4057658
301;10;1497066
302;2;13291641
303;4;1703694
304;6;139877
305;52;1200959
306;1;106505
307;2;7570817
308;4;944269
309;320;2385260
310;1;171757
311;1;11570834
312;1000;2808995
313;1;3142852
314;1;679333
315;2;4526082
316;24;582093
317;24;563930
318;1;327277
319;1;161130
320;2;266435
321;1;489413
322;1;34592495
323;22;10051482
324;67;3061068
325;1;12304844
326;1;2430818
327;4;145942486
328;1;815721
329;1;85404
330;1;1041295
331;2;2263605
332;21;2231697
333;1;162416069
334;18;1196299
335;1;263051
336;1000;11381607
337;50;19968150
338;830;2783250
339;6;2256185
340;1;592239
341;1;3053099
342;24;80103697
343;7;614307
344;1;1026653
345;1;883167
346;2;19903243
347;1;3104241
348;4;4003137
349;1;635214
350;2;1918097
351;1;58247303
352;48;816344
353;7;943681
354;9;31594597
355;1000;12622784
356;2;70509811
357;23;3489995
358;1;607970
359;1;8237131
360;1;5023279
361;1;62900155
362;14;1115524
363;30;2318492
364;21;1394477
365;1000;8060454
366;1;33736496
367;1;9599295
368;704;4629294
369;3;2476360
370;1;349409
371;2;563557
372;1;49637240
373;8;227612
374;1000;15358764
375;1;4044156
376;65;512591
377;1;5009989
378;1;4313017
379;1;1698723
380;1000;7637675
381;1;106973
382;1;218695
383;1;86195
384;3;424847
385;1;69928917
386;486;16765053
387;1;281779
388;50;2368001
389;4;101487070
390;1000;4904727
391;6;521006
392;3;628904
393;16;2823158
394;883;18286932
395;1;4724875
396;1000;8151085
397;221;132104684
398;20;1005892
399;1;6972615
400;1;1032406
401;1;792947
402;23;2441932
403;1000;2646155
404;2;1868607
405;2;390783
406;4;2046321
407;4;6033551
408;59;796812882
409;1;1823598
410;6;86749053
411;1;457250
412;1;44664393
413;14;1931046
414;2;9087464
415;3;4249349
416;141;2816315
417;1;466097
418;1;235760
419;3;1473723
420;151;2237186
421;2;4052090
422;25;338655
423;1;1009631
424;1;3627365
425;1;41853090
426;1;10554400
427;1;4868109
428;1;605803
429;1;17133815
430;2;2349968
431;117;1359920
432;2;104075
433;49;25802389
434;1;401234
435;2;3324478
436;1;614045
437;1;131310
438;1;714448
439;3;627598
440;2;1018847
441;2;2165621
442;10;10672390
443;1000;11658744
444;1;1204032
445;1;270518
446;7;1052737
447;3;1439767
448;2;7640932
449;32;1476571
450;2;556502
451;56;8733221
452;1000;3842182
453;1000;2562083
454;1;8519946
455;29;3369290
456;5;329319
457;1;147080
458;328;1914263
459;1;1486627
460;83;5031321
461;6;1185570
462;1;2319245
463;1;4022395
464;4;425885
465;1;2496863
466;2;12241512
467;1;663103
468;19;1646346
469;1;737954
470;1000;4265975
471;1;1981094
472;1;344588
473;2;6895755
474;1;890447
475;248;2480903
476;1;1578211
477;349;2786623
478;1;1720084
479;2;383469
480;14;4197031
481;73;7971118
482;2;797252
483;2;444672
484;1;212072
485;1;112613
486;1;2158625
487;1;3047987
488;20;1965256
489;48;14657632
490;1;2659286
491;1;50242844
492;120;1260744
493;1;933286
494;1;1763592
495;1000;16346677
496;153;5182916
497;3;746944085
498;1;472644
499;3;5054102
500;1;17535236
501;1;559419
502;150;1204423
503;29;1195322
504;1;686087
505;1;180065
506;1;119213
507;1;333991
508;11;925989
509;1;165937
510;1000;72019956
511;1;790563
512;4;4190252
513;117;4702309
514;2;1312667
515;1;80600398
516;26;8158042
517;4;73955545
518;13;774454
519;1;239312
520;18;10535365
521;4;52992022
522;1000;5393871
523;1;2911081
524;532;11327620
525;1;6354170
526;1;16463109
527;131;5772426
528;1;597782
529;1;15455164
530;1;184277
531;6;757797
532;141;828452
533;8;3010728
534;250;15901948
535;1000;4466984
536;149;2923909
537;4;446223
538;4;555080
539;2;366719
540;3;707989
541;1;1911831
542;1;314212
543;5;4866538
544;1;289002
545;1;141375
546;6;298045
547;1;846099
548;3;828011
549;1000;4946578
550;1;10592317
551;2;207408
552;1;145847
553;1;355183
554;7;364504
555;1;16871681
556;1;595615
557;1;3916650
558;309;5129786
559;6;984246
560;1;801564
561;3;9124253
562;12;16299292
563;1000;4190301
564;3;710367
565;1;1967858
566;2;881250
567;2;236039
568;6;181403
569;326;7683657
570;13;113080626
571;1;24305533
572;77;1347488
573;3;1308859
574;1;1081386
575;1;826178
576;1;1168449
577;1;1034044
578;1;3362419
579;697;2909991
580;9;4689852
581;3;25089725
582;1;98777
583;1;138384
584;1;13983585
585;3;284035
586;2;1215129
587;3;832415
588;4;784164
589;1;270204
590;1;10747771
591;2;1341878
592;2;81248307
593;6;1904274
594;1;4963131
595;1000;4925944
596;5;313585
597;1;127729
598;2;388056
599;1;669556
600;1000;8104950
601;1000;2685826
602;279;918017
603;448;1761514
604;263;12262860
605;1;743149
606;1;699903
607;1000;8214451
608;30;39879919
609;2;22103450
610;1;4191998
611;1;1077329
612;1;822400
613;2;206428913
614;1;10379038
615;193;4580441
616;16;10559890
617;3;362653
618;3;892919
619;26;363705405
620;2;122589
621;1;196204
622;18;762878
623;2;2418166
624;23;9593431
625;3;659893
626;1;518534
627;1;105240
628;5;238102
629;4;664861
630;1000;4487997
631;523;8418142
632;39;4333114
633;52;2212970
634;10;1518401
635;1;369935
636;1;1669677
637;2;884502
638;6;575408
639;2;1966450
640;250;2886445
641;3;1442904
642;3;2215643
643;3;746605
644;3;122947
645;1;383831
646;1;238005
647;476;808279
648;2;683265
649;1;767010
650;3;1589799
651;1;609704
652;2;1391506
653;109;1217089
654;8;1594299
655;13;1917691
656;30;1821934
657;3;1174767
658;8;2937900
659;2;2604302
660;2;2718898
661;1;759415
662;2;59174712
663;806;27088025
664;3;6717965
665;3;3622335
666;1;1192690
667;1;5119344
668;1;3272025
669;1000;7428400
670;9;53833234
671;5;15115749
672;2;423537
673;1;1537766
674;2;3279772
675;1;27068953
676;2;932659
677;10;1313162
678;1;76325
679;37;1072265
680;1;203632
681;1;438456
682;1000;2339188
683;2;1256467
684;108;555093
685;3;463725
686;1;1175982
687;2;1324651
688;9;852609
689;1;1942655
690;2;512397
691;2;1240837
692;1;5128664
693;1;453448
694;1;1151366
695;85;1060500
696;240;1479659
697;1;1143903
698;1;639948
699;4;6712562
700;3;205540
701;3;23387026
702;8;12978506
703;14;1000829
704;12;859092
705;36;2963857
706;1;251244
707;1;228727
708;447;1986781
709;125;1280194
710;61;4102949
711;7;3700447
712;1;285648026
713;2;809501
714;1000;60079787
715;143;21270769
716;1;1593729
717;1;5541256
718;1;1074492
719;1;10067050
720;2;690571
721;3;469366
722;597;45429563
723;1;476458
724;322;6289012
725;1;6471640
726;2;8374807
727;1;9901335
728;9;2739433
729;177;2843460
730;2;573998
731;1000;3561707
732;6;2022436
733;1;4733774
734;1;183571
735;7;706760
736;13;1374936
737;3;2651361
738;1;102195058
739;1;63059521
740;7;527049
741;47;3861614
742;1;2119891
743;1;5058174
744;1;143360
745;1;89467
746;1;33691496
747;1;147512
748;1;252017
749;3;1421679
750;8;8717311
751;534;3479827
752;1;1815624
753;7;16924381
754;6;480529627
755;1000;5748366
756;1;799083
757;1;4570647
758;1;116823
759;1;2571116
760;1;515690
761;24;917769
762;6;3916415
763;12;1001637
764;4;184920
765;4;239660
766;1;219327
767;5;1411279
768;1;471335
769;14;1371681
770;9;101631412
771;39;443840
772;889;12916910
773;1;2616588
774;3;12778692
775;587;11397867
776;10;613502
777;4;756351
778;3;350411
779;1;1053515
780;5;2511483
781;19;428730
782;1;5214777
783;1;155662
784;2;144124
785;2;1410297
786;2;895032
787;2;1778352
788;20;628513
789;1;239839
790;1000;11197166
791;1;1282584
792;3;30732349
793;10;219074
794;9;1381719
795;7;1089040
796;510;553199
797;2;31117920
798;1;4280889
799;1;8719504
800;1000;4021920
801;1;118360
802;2;166214
803;724;10853110
804;113;9186881
805;1;172985
806;42;622080
807;7;1746657
808;8;2728763
809;2;342938
810;21;232860
811;6;462084701
812;2;2826025
813;2;6977915
814;1;293162
815;5;1688104
816;202;6976117
817;1;2895079
818;1;1230644
819;2;642472
820;6;5075204
821;23;353225838
822;3;540755
823;1;599810
824;1;78342
825;4;643790
826;1000;10425418
827;81;3215821
828;2;1597302
829;1;2657169
830;264;7410872
831;1;2710241
832;63;1559995
833;1;14790580
834;3;121357
835;4;434347
836;1;556180
837;1;37855076
838;5;212830023
839;126;926859
840;1;156356
841;11;2471694
842;19;4290851
843;1;33405304
844;37;469383
845;1;4533782
846;1;7273602
847;3;4802234
848;3;299818
849;2;835304
