 Loading the index...
 Index loaded 22560447990 bytes
0;1000;3803927
1;1000;168526437
2;1000;15314742
3;1000;889883394
4;1000;217812016
5;57;1926015979
6;1000;91902641
7;1000;253202989
8;1000;122464580
9;1000;17632498
10;1000;53939546
11;1000;70143515
12;1000;169421014
13;57;2010023540
14;1000;12833816
15;1000;27739720
16;1000;69878834
17;1000;9000508
18;1000;33030483
19;1000;174794440
20;0;50938183
21;1000;5347427
22;1000;38759439978
23;1000;20154766
24;1000;14762117
25;1000;9629173
26;1000;15467117
27;1000;4463152
28;1000;14308800
29;1000;36251758165
30;1000;170078257
31;1000;1455561661
32;1000;10363986
33;1000;15202465
34;1000;5168071
35;1000;46404926
36;183;41979580771
37;1000;76440648
38;1000;6859612
39;1000;15916209
40;1000;3928814435
41;1000;37988536
42;1000;32454455
43;1000;104415963
44;8;685901045
45;1000;69859420
46;229;726244473
47;0;1903544
48;71;859687957
49;1000;16449478
50;1000;18977834
51;1000;49343736
52;1000;29361760
53;1000;29227332
54;1000;16751270
55;1000;45091488
56;1000;189306233
57;0;948771427
58;83;700427416
59;79;700617979
60;1000;25002017
61;1000;17504029
62;95;16205684
63;1000;202800758
64;1000;36295059
65;1000;16727261
66;0;19106244
67;0;12648071
68;28;14925997
69;20;38741165
70;1000;29682596
71;1000;40938108
72;1000;332954237
73;1000;326566954
74;1000;61918206
75;1000;20702261
76;1000;14525624
77;1000;7632480
78;1000;24824906
79;1000;5293734
80;1000;28769552
81;1000;28381467
82;1000;12333629
83;25;3299812
84;200;14889459
85;398;12972066
86;692;38501695
87;1000;10784190
88;1000;38477995
89;1000;11313522
90;1000;26651211
91;23;2350518
92;1000;174866891
93;1000;174649672
94;1000;9058766
95;1000;10873480
96;1000;19163357
97;1000;11034466
98;1000;34221238
99;1000;3092878
100;1000;29404437
101;1000;81071057
102;1000;30053993
103;1000;84904058
104;41;2933093
105;1000;22006917
106;1000;18427905
107;1000;19039953
108;1000;9167881
109;0;589743
110;1000;58869376
111;1000;62763008
112;1000;12682321
113;1000;27894992
114;1000;66526647
115;1000;52748305
116;1000;19261253
117;1000;378032919
118;0;45680
119;0;16206
120;1000;2650524549
121;1000;18889754
122;0;1684422793
123;1000;20715795
124;1000;17294340
125;606;19164978
126;1000;30070631
127;1000;31044730
128;1000;15662447
129;1000;47867793
130;1000;11853806
131;605;16158481
132;0;124785034
133;1000;65320684
134;1000;21965284
135;585;18885779
136;1;11115398
137;1;14990995
138;322;14834116
139;1000;44387357
140;50;30753680
141;1000;4946609
142;1000;2803345
143;1000;14052346
144;62;25258597
145;1000;15022280
146;1000;12119924
147;1000;25923955
148;1000;25294016
149;1000;43977324
150;99;54388344
151;1000;5897205
152;1000;33067474
153;1000;74558183
154;1000;22984034
155;1000;14185212
156;365;4196312
157;1000;3097919
158;1000;416171948
159;1000;409422999
160;1000;434724719
161;1000;383972146
162;922;635552496
163;1000;13919948
164;1000;8995424
165;1000;14109480
166;1000;14371348
167;1000;20101385
168;1000;19453654
169;1000;13817898
170;1000;28105840
171;1000;31020050
172;1000;18454514
173;1000;6672242
174;1000;11604377
175;1000;5207461
176;1000;14690737
177;1000;208062259
178;1000;14274890
179;1000;4015878
180;1000;20039933
181;1000;18706600
182;1000;29616719
183;1000;10453982
184;1000;8416792
185;1000;7530739
186;1000;11132297
187;1000;9983896
188;1000;33809093
189;0;66414575766
190;118;27076341
191;1000;13219587
192;1000;34003951
193;1000;16405188
194;0;172651852
195;1000;5219911
196;1000;1722977
197;1000;158497474
198;1000;8727520
199;1000;11689394
200;1000;15753381
201;296;72933752
202;1000;10533946
203;1000;63245994
204;1000;17418294
205;1000;4336967
206;1000;7601310
207;1000;4897132
208;1000;20347978
209;1000;28848842
210;1000;10181770
211;1000;88330161
212;1000;16894485
213;1000;102500475
214;1000;3442795
215;0;24491
216;1000;6652431
217;1000;20447904
218;1000;4945691
219;1000;6926003
220;1000;14038717
221;1000;11715749
222;1000;27564401
223;18;3147207941
224;1000;23369066
225;1000;19482214
226;1000;8694959
227;86;40400723
228;12;2651765
229;1000;9359000
230;1000;8276950
231;1000;14296773
232;18;2053706
233;1000;20676086
234;1000;7922808
235;1000;16480453
236;1000;234278348
237;1000;3025055
238;1000;31279681
239;57;1419285
240;1000;4132147
241;1000;5447472
242;1000;3795953
243;1000;20318869
244;1000;23369434
245;78;26073126
246;1000;5684223
247;1000;26922268
248;1000;20597325
249;1000;27390241
250;1000;6809295
251;1000;5694386
252;1000;36172199
253;1000;8276486
254;1000;19112713
255;1000;63968230
256;201;3750652
257;1000;22336574
258;432;4352271
259;1000;26413459
260;1000;15753584
261;171;8456721
262;1000;13974898
263;1000;17929576
264;1000;33247883
265;1000;279393256
266;1000;20156683
267;1000;14545037
268;1000;11638765
269;1000;12853565
270;1000;5350606
271;0;18975
272;1000;24497755
273;257;31149243
274;1000;24135660
275;1000;3947182
276;5;3466126446
277;1000;18451944
278;617;7235520
279;1000;6294260
280;1000;10163159
281;1000;86664373
282;0;1112694
283;1000;4518996
284;1000;8513473
285;1000;14918027
286;340;27335601
287;202;14571377
288;1000;4789206
289;1000;10212295
290;1000;61781664
291;1000;13360316
292;1000;40286100
293;1000;12519325
294;1000;18188797
295;1000;25743964
296;1000;25530095
297;1000;21541339
298;1000;55795747
299;0;27706
300;1000;10211207
301;1000;20181811
302;29;3580995
303;1000;14504174
304;1000;9376526
305;0;993128690
306;1000;22270293
307;1000;33248609
308;1000;10098732
309;330;9682442
310;1000;17502610
311;1000;7859756
312;1000;12814248
313;68;3006731
314;38;1686231
315;1000;18851333
316;1000;8749120
317;1000;6297045
318;1000;5125332
319;1000;29939395
320;1000;17702654
321;1000;17485584
322;1000;31155599
323;703;318968442
324;697;257073922
325;1000;107467134
326;1000;16736946
327;1000;19745360
328;362;16806393
329;1000;25084014
330;0;2453879
331;1000;23884904
332;1000;11693727
333;1000;3768200
334;267;11037964329
335;1000;7342077
336;1000;34882840
337;1000;11623009
338;1000;12855536
339;1000;6399318
340;1000;7382066
341;1000;386590129
342;1000;2594624
343;1000;8711976
344;1000;10568460
345;1000;7492020
346;1000;5376572
347;1000;6585670
348;1000;8148248
349;1000;14302617
350;1000;21009513
351;1000;298577437
352;1000;6212648
353;1000;18714948
354;1000;3855373
355;1000;6559800
356;1000;10658060
357;1000;11287317
358;1000;13506668
359;0;7465670162
360;1000;4519649
361;1000;7109624
362;609;10953107
363;1000;9071872
364;1000;13009965
365;10;328483
366;1000;4656811
367;8;949994
368;1000;4108570
369;1000;6550352
370;1000;12039969
371;1000;16945030
372;1000;9520883
373;1000;8418304
374;1000;4707511
375;1000;4543250
376;1000;2890667
377;1000;6813918
378;1000;1074481
379;1000;2836501
380;1000;3433494
381;1000;3144685
382;1000;1003039
383;1000;984742
384;1000;996102
385;1000;2873041
386;1000;3324751
387;1000;4369287
388;1000;2375828
389;1000;2221284
390;1000;993358
391;1000;4962814
392;1000;6705464
393;1000;5376286
394;1000;6949715
395;1000;12596335
396;1000;6234156
397;1000;19275218
398;1000;8325140
399;60;1388080
400;1000;12710243
401;1000;7316216
402;1000;8103009
403;1000;14999060
404;1000;19632341
405;1000;7431618
406;1000;5371068953
407;1000;11865239
408;1000;18453133
409;1000;15265376
410;1000;9985823
411;1000;11146437
412;1000;22700556
413;1000;16466617
414;1000;5254749
415;1000;12346702
416;19;3976422
417;1000;13671203
418;1000;4271050
419;1000;8480642
420;0;7179400105
421;1000;14703820
422;1000;6801792
423;1000;2877897
424;1000;4428564
425;1000;18940014
426;1000;2074189
427;1000;6156936
428;1000;5701783
429;1000;14658412
430;1000;8691195
431;1000;5333912
432;1000;15378875
433;1000;3837766
434;1000;9511784
435;1000;4715012
436;1000;4875964
437;1000;8931776
438;1000;16062511
439;1000;5319211
440;1000;9750676
441;1000;6258153
442;1000;5373429402
443;1000;5371382974
444;1000;14407772
445;1000;6582118
446;1000;2825515
447;0;270401132538
448;1000;4923206
449;1000;13146984
450;1000;10713982
451;1000;10026176
452;344;6289526
453;1000;10875774
454;1000;4825664
455;781;17627223
456;1000;5333526
457;1000;8789443
458;1000;7662460
459;1000;722503
460;91;2331422
461;657;9675480
462;23;1280326280
463;1000;15761329
464;1000;6395310
465;1000;9768413
466;1000;9118063
467;1000;11223427
468;1000;14740127
469;1000;6739922
470;1000;19565559
471;7;242035
472;62;71963344
473;1000;12604753
474;55;70846450
475;0;5915923
476;0;9158760
477;0;2136478
478;0;1930441
479;0;1713159
480;1000;10924708
481;1000;7671053
482;1000;6972625
483;701;14317785
484;1000;6961972
485;1000;21597760
486;1000;13476702
487;1000;8184344
488;1000;6800460
489;1000;9254659
490;1000;6224928
491;1000;11056457
492;1000;9333271
493;6;349069
494;1000;29156988
495;1000;4186684
496;1000;14571884
497;1000;29104969
498;1000;8117202
499;1000;12055601
500;1000;11477572
501;1000;7770908
502;0;340203099
503;140;2677397
504;1000;15311490
505;1000;116809019
506;17;610417
507;1000;4965560
508;1000;7908707
509;221;11099382
510;1000;113981689
511;1000;10803075
512;1000;14980265
513;1000;8470831
514;1000;7969877
515;1000;12091356
516;1000;8912879
517;1000;7918136
518;1000;7337990
519;1000;9802220
520;1000;5282208
521;1000;9683081
522;1000;16377888
523;1000;12578511
524;0;12614
525;1000;20985125
526;1000;2437220
527;0;14306
528;1000;12648290
529;1000;12701163
530;1000;3891632
531;20;404405
532;1000;17532095
533;1000;5168954
534;1000;8593076
535;1000;25416707
536;1000;11831690
537;1000;8940199
538;1000;116118079
539;1000;14495599
540;1000;12096585
541;370;422785714
542;1000;20386034
543;1000;5282445
544;35;954259
545;746;15561024
546;1000;13439368
547;193;1908963
548;1000;12823380
549;1000;11046362
550;1000;7963931
551;315;7810588
552;1000;5996260
553;1000;7886997
554;2;66800
555;15;915363737
556;1000;25236595
557;1000;14142778
558;1000;9376335
559;1000;13906883
560;1000;9864682
561;1000;15252344
562;1000;3521625
563;1000;114132606
564;1000;9142269
565;50;592249
566;490;18612598
567;1000;13834827
568;86;10400555
569;1000;14553287
570;1000;11247847
571;1000;22677390
572;1000;701955214
573;1000;4785285
574;1000;8896561
575;1000;9672221
576;1000;7085305
577;1000;16987468
578;1000;12265990
579;1000;14096910
580;1000;817836244
581;1000;8663388
582;1000;3960678
583;1000;6129598
584;1000;15851050
585;1000;48170291
586;1000;10999567
587;1000;10690092
588;1000;9883364
589;1000;17218385
590;1000;19505299
591;1000;5262757
592;54;920187370
593;1000;9633360
594;0;4596404517
595;1000;5366488034
596;1000;14983421
597;1000;6549313
598;1000;16145273
599;1000;8379380
600;1000;13361653
601;1000;11176619
602;1000;17617330
603;1000;8667221
604;1000;7381375
605;93;1603032
606;1000;15876586
607;1000;11896235
608;1000;4503910
609;0;21638
610;24;657759
611;1000;16178890
612;1000;6060245
613;1000;10729172
614;1000;3901732
615;1000;33773146
616;1000;7497406
617;119;2583175388
618;1000;10424910
619;1000;6377633
620;1000;16518318
621;1000;7847845
622;1000;9415594
623;1000;14297477
624;1000;14904995
625;1000;13940149
626;0;3620796
627;1000;85075187
628;47;980278
629;1000;9016142
630;1000;17533680
631;1000;10258732
632;1000;9622726
633;0;898893834
634;1000;8032013
635;0;290158596
636;0;49979928
637;0;27664
638;1000;8392604
639;1000;6103557
640;1000;31882280
641;1000;6187247
642;407;10500405
643;1000;16468859
644;293;18723076
645;1000;6369175
646;1000;12569949
647;1000;11937228
648;1000;14609988
649;1000;13945141
650;1000;33432976
651;1000;12782321
652;1000;59521004
653;1000;1674912
654;1000;9107924
655;1000;5709619
656;1000;3862860
657;267;11110520
658;1000;11810392
659;1000;116697425
660;1000;32705381
661;1000;24801532
662;1000;15910155
663;1000;10000172
664;6;304744
665;68;28559471
666;170;5376189
667;1000;20131461
668;1000;13644893
669;1000;7128477
670;1000;5720111
671;1000;20937802
672;1000;4388476
673;1000;13043135
674;1000;6274305
675;595;6303258
676;1000;14853896
677;302;7574490
678;1000;16339494
679;1000;9489412
680;1000;18441929
681;1000;3968894
682;260;2445232
683;34;2035659
684;1000;6006233
685;1000;13893347
686;1000;13891887
687;0;1918395
688;1000;18832821
689;1000;11066302
690;1000;11780524
691;1000;17838437
692;1000;8906742
693;1000;14427104
694;1000;6311264
695;1000;12344676
696;1000;12748342
697;1000;7479573
698;1000;4289139
699;1000;5181174
700;1000;4618535
701;1000;6777983
702;1000;9019220
703;1000;3196462
704;23;296541
705;1000;11748649
706;1000;8401349
707;56;425015
708;1000;7918661
709;1000;4656936
710;1000;8276337
711;1000;3439282
712;1000;4353637
713;1000;6833732
714;2;75725
715;1000;9160434
716;1000;8769176
717;1000;8314133
718;1000;4332549
719;1000;5889841
720;1000;13618563
721;1000;8244826
722;1000;7911787
723;1000;5636081
724;1000;7096168
725;8;158102
726;1000;11597973
727;1000;8129885
728;1000;4736379
729;15;280826
730;1000;8498484
731;1000;9757255
732;1000;10566485
733;1000;7293403
734;1000;9140080
735;1000;8653045
736;1000;7848075
737;1000;7488386
738;1000;6833117
739;1000;8063459
740;1000;10256243
741;1000;12202857
742;1000;10906978
743;1000;9306214
744;1000;7568945
745;1000;3563365
746;1000;7710466
747;110;1056429
748;1000;5606685
749;1000;6855660
750;1000;3443682
751;1000;8357444
752;1000;8326600
753;1000;2604583
754;1000;10186225
755;1000;8579912
756;1000;3909829
757;1000;6051358
758;1000;6727577
759;1000;4934216
760;1000;12409144
761;1000;8292313
762;1000;7924638
763;1000;8346597
764;1000;4290439
765;1000;8197118
766;22;426693
767;1000;11594973
768;1000;5180195
769;1000;10271706
770;1000;7631674
771;1000;7580488
772;1000;8458132
773;1000;5686320
774;1000;6847922
775;1000;1890566
776;413;4279879
777;1000;5662409
778;1000;10387698
779;1000;6304777
780;1000;8117286
781;1000;9936368
782;1000;9325399
783;1000;7848743
784;1000;5633094
785;1000;12383549
786;1000;11907651
787;1000;8176111
788;1000;8598546
789;104;824823
790;1000;8428644
791;1000;7798567
792;405;4905559
793;1000;6455043
794;1000;5043162
795;1000;7678950
796;1000;2300563
797;1000;9473568
798;13;212417
799;24;323180
800;11;163838
801;1000;8479257
802;71;674859
803;1000;7943457
804;1000;7772443
805;28;347256
806;1000;11412582
807;1000;9580802
808;16;284017
809;16;242011
810;12;174858
811;1000;10418448
812;1000;8227296
813;1000;13060193
814;1000;15566274
815;1000;6623843
816;1000;5573183
817;1000;12688228
818;1000;11948013
819;124;1152283
820;1000;14794852
821;1000;10273446
822;1000;11590864
823;1000;7705724
824;1000;9775908
825;1000;13169178
826;1000;3872158
827;1000;9743883
828;1000;8812216
829;1000;11030692
830;1000;5629842
831;1000;3737970
832;1000;9726266
833;1000;9316876
834;1000;3711892
835;1000;7125612
836;1000;8945773
837;1000;9116290
838;1000;7506139
839;1000;11914104
840;1000;8255394
841;62;625264
842;82;1196438
843;1000;5238184
844;693;7775008
845;1000;9391826
846;1000;8240362
847;1000;10594100
848;1000;10037656
849;1000;12439173
850;260;2662150
851;176;2479188
852;1000;10444900
853;1000;8608788
854;1000;8681053
855;1000;7579109
856;582;11064042
857;27;374609
858;1000;3583145
859;1000;7166780
860;1000;12993910
861;1000;5731418
862;1000;8617339
863;1000;12675608
864;1000;13680833
865;154;1387240
866;1000;4775324
867;1000;10603695
868;1000;8188019
869;1000;12273226
870;1000;10566816
871;1000;7963616
872;1000;4709507
873;1000;10581944
874;382;3688682
875;1000;5773039
876;1000;13005422
877;1000;10607244
878;45;533232
879;1000;11803419
880;6;124692
881;1000;11247504
882;1000;16086204
883;1000;7003968
884;1000;7907787
885;1000;7501405
886;1000;7086458
887;1000;11465486
888;1000;11437294
889;10;200715
890;1000;12114031
891;1000;10447612
892;1000;9601296
893;623;7498125
894;444;4796729
895;1000;6320260
896;981;14165380
897;1000;7091310
898;1000;9163560
899;1000;12426769
900;1000;9141319
901;1000;11849567
902;1000;9495111
903;1000;12249394
904;1000;8331234
905;1000;7249838
906;1000;3757897
907;1000;7595629
908;1000;5676767
909;1000;2519928
910;1000;9267679
911;1000;9834933
912;1000;14784059
913;1000;11514529
914;1000;9059083
915;1000;9820045
916;1000;3682883
917;1000;1335727
918;1000;3086521
919;1000;2357939
920;1000;9120574
921;100;889712
922;1000;9682166
923;1000;12562411
924;1000;7621670
925;1;1758687
926;1000;89301174
927;2;181780
928;113;7658465
929;73;18835755
930;647;20576270
931;1000;4387460
932;1000;4962424
933;1000;6444898
934;459;2019816
935;670;22003838
936;0;37547
937;1000;31131428
938;1000;5904446
939;137;846576
940;1000;10547540
941;1000;4195527
942;7;104767
943;20;1049804
944;1000;4660786
945;1000;7756164
946;0;15482
947;2;86275
948;1000;2994233
949;31;2940601
950;33;20841218
951;1000;2917434
952;1000;50307885
953;1000;4845737
954;1000;3331529
955;1000;42470691
956;1000;4621882
957;203;2349702
958;666;2191129
959;1000;2580503
960;1000;1853283
961;107;1454475
962;1000;2642888
963;1000;2412984
964;1000;4564122
965;1000;4505177
966;258;1662992
967;1000;3831937
968;1000;5669421
969;1000;4979929
970;1000;2874139
971;0;92052
972;1000;17737345
973;36;562658
974;32;246795
975;52;4492534
976;15;821996
977;37;1775825
978;35;672919
979;0;23934
980;116;8500931
981;3;111762
982;31;447440
983;1000;2295113
984;1000;4464427
985;403;19677781
986;1000;13952554
987;1000;10218918
988;372;22630988
989;65;4521122
990;282;4439086
991;1000;7565026
992;11;1607556
993;731;10945967
994;77;1228224
995;1000;1742649
996;1000;4930201
997;59;296827
998;50;2831643
999;63;708127
1000;0;38095
1001;0;7880
1002;1000;272427018
1003;1000;5378074801
1004;1000;4253573
1005;0;18387
1006;764;3229472
1007;1000;224183782
1008;20;89522
1009;183;1149834
1010;1000;264184341
1011;54;433008
1012;1000;12817553495
1013;1000;3835178096
1014;54;439041
1015;0;16180
1016;233;1304674
1017;1000;323860315
1018;71;467140
1019;1000;312277874
1020;198;196268
1021;1000;361714912
1022;1000;21097337
1023;1000;378935289
1024;156;713773
1025;1000;22636968
1026;1000;275795142
1027;131;931834
1028;1000;476629464
1029;1000;341046545
1030;339;1982694
1031;634;2961294
1032;1000;48867518
1033;351;1828426
1034;1000;43074774
1035;1000;532959814
1036;1000;6053146
1037;1000;31635368
1038;1000;212275114
1039;0;25847
1040;1000;323283301
1041;1000;37129809
1042;1;47123
1043;1000;107787218
1044;357;1475982
1045;1000;436763723
1046;0;21158
1047;1000;6089014
1048;10;88842
1049;14;124557
1050;1000;158239628
1051;1000;3969799128
1052;1000;608367525
1053;1000;812974548
1054;8;85314
1055;0;14110
1056;1000;15241189
1057;1000;650716663
1058;1000;180336477
1059;1000;500201554
1060;74;529715
1061;1000;16349933
1062;1000;112980059
1063;1000;36818936
1064;1000;487031421
1065;1000;57577474
1066;1;41183
1067;1;34861
1068;1000;2327099168
1069;63;455162
1070;1000;5116014
1071;1000;636854561
1072;1000;309427461
1073;1000;65344806
1074;20;204147
1075;751;3682929
1076;1000;824234271
1077;1000;81854551
1078;1000;1357887612
1079;37;303792
1080;309;1962487
1081;0;15738
1082;1000;3098108
1083;1000;13169263
1084;1000;455368711
1085;1000;57796726
1086;1;47635
1087;60;417925
1088;0;12593
1089;0;12151
1090;0;10737
1091;0;11414
1092;1000;1682808299
1093;0;20263
1094;0;14243
1095;0;11897
1096;1;38805
1097;0;11755
1098;0;10283
1099;102;75915
1100;0;11665
1101;150;843863
1102;0;15810
1103;62;331212
1104;67;311688
1105;8;77000
1106;45;325683
1107;1000;126045283
1108;167;305058
1109;922;3673297
1110;1000;4190127
1111;341;823001
1112;2;42560
1113;295;1330909
1114;0;12780
1115;0;12280
1116;0;9400
1117;20;57039
1118;559;2660047
1119;1;28090
1120;1000;762551107
1121;1000;4901951
1122;2;46292
1123;1;28845
1124;1;26143
1125;285;881207
1126;1000;136511929
1127;21;217569
1128;42;337185
1129;1000;1255904231
1130;1000;461594435
1131;131;841881
1132;1;37373
1133;1000;311065393
1134;1000;2648765223
1135;1000;73222061
1136;1000;51038821
1137;29;234497
1138;4;55616
1139;1000;4609917
1140;1000;63072002
1141;29;164320
1142;805;3128393
1143;249;1309926
1144;11;105032
1145;681;2315230
1146;108;566612
1147;54;324779
1148;89;566545
1149;733;3495546
1150;1000;11119114
1151;1000;55770950
1152;7;97231
1153;1000;48385592
1154;318;1134899
1155;3;47417
1156;299;1537458
1157;1;29028
1158;366;1651296
1159;1000;158797927
1160;1000;129445676
1161;1000;75472297
1162;40;269951
1163;1;39321
1164;1;28988
1165;0;15745
1166;204;183573
1167;1000;44591763
1168;1;41040
1169;1000;752738272
1170;473;2358759
1171;7;60905
1172;0;14299
1173;1000;4747341
1174;1000;118798097
1175;1000;26902730
1176;40;295649
1177;1000;29621204
1178;282;1419815
1179;1000;93047196
1180;1;54755
1181;1000;14723654
1182;14;96360
1183;38;224254
1184;114;634055
1185;1;28320
1186;55;240448
1187;1000;17109715
1188;2;57961
1189;23;166125
1190;222;969982
1191;305;789817
1192;1000;6922267
1193;1000;62001351
1194;1000;5361806
1195;3;53930
1196;1000;25357473
1197;0;26980
1198;34;288318
1199;534;2759750
1200;1000;114742350
1201;1000;25822434
1202;45;190693
1203;1000;24505043
1204;1;41725
1205;1;32316
1206;9;65393
1207;20;168410
1208;890;3413951
1209;1000;95042309
1210;1000;24222600
1211;7;90893
1212;1;35010
1213;338;785466
1214;16;108523
1215;1;30026
1216;1;27000
1217;1000;14249063
1218;35;271460
1219;27;197176
1220;1000;73334230
1221;1000;6717875
1222;222;1142095
1223;210;849036
1224;1000;298932339
1225;1000;10061524
1226;1000;49033474
1227;17;142063
1228;277;1355359
1229;114;568748
1230;0;15173
1231;0;2139
1232;1000;6640367
1233;13;147112
1234;6;68205
1235;1000;10804625
1236;38;300654
1237;1000;110118246
1238;1000;3687246
1239;78;421100
1240;1000;213847659
1241;50;380952
1242;320;1775061
1243;1000;693525839
1244;1000;361602666
1245;0;19596
1246;259;1527021
1247;1;39176
1248;1;26215
1249;1000;5014414
1250;1;33945
1251;1;21793
1252;3;35335
1253;2;30554
1254;479;2483505
1255;1;29890
1256;0;11273
1257;0;8475
1258;0;8228
1259;0;7045
1260;0;15815
1261;0;5647
1262;1000;42008229
1263;1000;4735159
1264;150;895088
1265;1000;25804503
1266;1000;10515675
1267;500;2518533
1268;269;1349777
1269;1;34180
1270;1000;6887455
1271;654;2412617
1272;72;384348
1273;860;3143166
1274;34;242908
1275;13;86599
1276;1000;12421710
1277;1000;4419087
1278;1000;51222956
1279;5;79461
1280;185;1111191
1281;70;450861
1282;1000;73465280
1283;27;245699
1284;215;906515
1285;76;452255
1286;1000;42802698
1287;1000;366849570
1288;1;46883
1289;1;20648
1290;1;35061
1291;1;28166
1292;68;390689
1293;9;90811
1294;0;15636
