 Loading the index...
 Index loaded 1033851318 bytes
0;1;12648000
1;1000;2626000
2;1;2076000
3;27;4921000
4;273;2909000
5;1;2467000
6;1;1605000
7;2;367000
8;1;40343000
9;1000;2535000
10;2;1753000
11;10;1960000
12;1;434000
13;81;8446000
14;8;12305000
15;11;8866000
16;4;160000
17;10;231000
18;3;21824000
19;2;2632000
20;4;664000
21;50;52250000
22;5;106078000
23;17;13183000
24;2;13491000
25;2;15488000
26;245;2402000
27;10;1313000
28;1;482000
29;248;53723000
30;1;2955000
31;2;169000
32;1;13671000
33;1;41734000
34;102;54530000
35;2;5638000
36;11;23781000
37;1;529000
38;9;33804000
39;1;6485000
40;1;180000
41;1;12624000
42;7;2456000
43;1;5625000
44;5;10723000
45;1;108240000
46;1;3562000
47;1;1409000
48;3;8956000
49;1000;4975000
50;1;3762000
51;1;2498000
52;1;626000
53;1;2921000
54;1;26110000
55;32;420000
56;926;2741000
57;1;324000
58;1;4791000
59;1;82000
60;1;33373000
61;1;492000
62;507;8240000
63;4;1548000
64;2;77000
65;2;2636000
66;1;2378000
67;26;3011000
68;1;837000
69;6;3008000
70;29;156000
71;1;441000
72;1;2621000
73;308;266157000
74;1;713000
75;1;2076000
76;15;175270000
77;24;2665000
78;3;3004000
79;1;12243000
80;16;6389000
81;76;265000
82;1;2058000
83;32;1928000
84;56;2496000
85;1;1709000
86;37;488000
87;1;1203000
88;20;1740000
89;1000;11884000
90;1;2817000
91;35;586000
92;1;3356000
93;22;11680000
94;1;168000
95;1;1653000
96;1000;6792000
97;4;1583000
98;1;1782000
99;188;29958000
100;1;374000
101;1;2440000
102;1;3283000
103;1;4837000
104;1;51969000
105;1;974000
106;9;7542000
107;1;675000
108;76;1200000
109;143;2488000
110;7;4931000
111;33;252000
112;688;7992000
113;3;55640000
114;233;6541000
115;1;1270000
116;8;2519000
117;7;4014000
118;1000;283310000
119;1;2306000
120;1;50872000
121;2;506000
122;5;3233000
123;1;3966000
124;93;638000
125;1;1236000
126;12;8650000
127;4;1523000
128;3;3271000
129;1000;3118000
130;1;3649000
131;1;21636000
132;3;25644000
133;2;6354000
134;1;182000
135;1;507000
136;1;739000
137;120;606000
138;2;5407000
139;7;23550000
140;365;2248000
141;1;11067000
142;23;3319000
143;7;8502000
144;1;1546000
145;122;4272000
146;2;1579000
147;71;757000
148;1;992000
149;61;961000
150;1;13085000
151;1;19190000
152;1000;8699000
153;1;1212263000
154;9;348000
155;3;5250000
156;6;1657000
157;1;948000
158;7;1607000
159;1;5698000
160;1;952000
161;386;3683000
162;30;6740000
163;1;165000
164;18;1236000
165;1000;41530000
166;1;3328000
167;97;566000
168;1000;23215000
169;2;13887000
170;83;1863076000
171;1000;4681000
172;2;171617000
173;234;6350000
174;1;29028000
175;1000;1460000
176;1;1391000
177;1;11015000
178;1;5183000
179;1000;3773000
180;1;195000
181;1;2099000
182;128;3698000
183;1000;114833000
184;1;40584000
185;1;5281000
186;1;6654000
187;1;2171000
188;2;2875000
189;3;6419000
190;59;333528000
191;2;61102000
192;1;2022000
193;1;1040000
194;1000;9082000
195;1;13572000
196;80;8425000
197;3;8579000
198;8;165000
199;65;11979000
200;1000;2907000
201;2;7846000
202;35;14503000
203;8;2541000
204;1;547000
205;1;6510000
206;3;65295000
207;1;246824000
208;2;405000
209;568;3655000
210;1;32545000
211;113;6373000
212;1;5300000
213;9;1622000
214;1;20189000
215;3;4133000
216;1;1721000
217;1;654000
218;1000;9396000
219;3;1713000
220;3;13597000
221;1;410000
222;1;1935000
223;12;3586000
224;1;3179000
225;3;4226000
226;3;164048000
227;1;1654000
228;1;88003000
229;5;258000
230;34;7962000
231;2;302000
232;31;7443000
233;1;13720000
234;1;3822000
235;1;9052000
236;4;2446000
237;1;79115000
238;1;2586000
239;22;59407000
240;1000;58685000
241;12;2280000
242;7;3683000
243;5;8249000
244;1;883000
245;1;708000
246;3;361000
247;1;618000
248;1;19782000
249;4;19917000
250;1;77810000
251;2;1867000
252;87;2446000
253;30;5747000
254;2;22801000
255;15;2361000
256;2;2889000
257;1;430000
258;2;1978000
259;1;1171000
260;1;843000
261;2;7637000
262;1;1065000
263;2;144000
264;2;102000
265;284;1952000
266;1;521000
267;1;1715000
268;3;1156000
269;1000;3584000
270;1;4292000
271;1;1573000
272;1000;13096000
273;3;457000
274;2;3587000
275;64;4557000
276;2;151000
277;25;303000
278;5;5847000
279;3;5455000
280;5;23985860000
281;1;2039000
282;1;531000
283;12;89365000
284;17;1198000
285;1;8186000
286;1000;4117000
287;4;107793000
288;37;4349000
289;1;2628000
290;3;66840000
291;432;1691000
292;1;234000
293;172;10201000
294;8;1236000
295;1;174000
296;38;1812000
297;3;4310000
298;1;6118000
299;1;188000
300;1;5347000
301;10;1909000
302;2;1439000
303;4;3885000
304;6;110000
305;52;1181000
306;1;84000
307;2;5221000
308;4;2284000
309;320;2954000
310;1;310000
311;1;14458000
312;1000;2939000
313;1;7130000
314;1;1667000
315;2;4418000
316;24;46808000
317;24;827000
318;1;422000
319;1;291000
320;2;3670000
321;1;857000
322;1;44484000
323;22;1671000
324;67;1742000
325;1;9533000
326;1;19471000
327;4;20280000
328;1;1631000
329;1;113000
330;1;2021000
331;2;14165000
332;21;3935000
333;1;1356000
334;18;1548000
335;1;571000
336;1000;19439000
337;50;13121000
338;830;2446000
339;6;2863000
340;1;1173000
341;1;5254000
342;24;127571000
343;7;1231000
344;1;9182000
345;1;26227000
346;2;27113000
347;1;1697000
348;4;5651000
349;1;826000
350;2;10133000
351;1;36643000
352;48;896000
353;7;1441000
354;9;4833000
355;1000;17425000
356;2;202644000
357;23;8752000
358;1;377000
359;1;15709000
360;1;18537000
361;1;12547000
362;14;2298000
363;30;6781000
364;21;3343000
365;1000;20084000
366;1;13051000
367;1;11237000
368;704;4568000
369;3;2682000
370;1;732000
371;2;797000
372;1;29434000
373;8;162000
374;1000;21954000
375;1;3442000
376;65;876000
377;1;3896000
378;1;3664000
379;1;2139000
380;1000;6367000
381;1;176000
382;1;304000
383;1;175000
384;3;456000
385;1;54941000
386;486;21431000
387;1;429000
388;50;13597000000
389;4;11358000
390;1000;5298000
391;6;1179000
392;3;458000
393;16;6215000
394;883;20524000
395;1;3557000
396;1000;21369000
397;221;50832000
398;20;2042000
399;1;13742000
400;1;3987000
401;1;1792000
402;23;5220000
403;1000;8674000
404;2;10211000
405;2;990000
406;4;3546000
407;4;5757000
408;59;484126000
409;1;4718000
410;6;187436000
411;1;585000
412;1;34645000
413;14;3621000
414;2;26502000
415;3;28772000
416;141;35588000
417;1;1336000
418;1;319000
419;3;3120000
420;151;2594000
421;2;13418000
422;25;253000
423;1;2122000
424;1;12071000
425;1;9211000
426;1;12010000
427;1;11882000
428;1;1080000
429;1;13680000
430;2;106387000
431;117;1608000
432;2;71000
433;49;17865000
434;1;1078000
435;2;5978000
436;1;1570000
437;1;144000
438;1;1718000
439;3;1004000
440;2;2798000
441;2;4696000
442;10;694000
443;1000;77681000
444;1;1380000
445;1;17050000
446;7;2365000
447;3;4254000
448;2;76815000
449;32;2340000
450;2;1204000
451;56;13894000
452;1000;4690000
453;1000;24824000
454;1;8292000
455;29;11192000
456;5;749000
457;1;231000
458;328;1938000
459;1;1580000
460;83;6264000
461;6;99690000
462;1;13462000
463;1;8103000
464;4;1025000
465;1;4990000
466;2;1522000
467;1;1045000
468;19;1883000
469;1;1357000
470;1000;7301000
471;1;3777000
472;1;781000
473;2;21587000
474;1;2260000
475;248;2071000
476;1;2495000
477;349;3496000
478;1;3450000
479;2;533000
480;14;9061000
481;73;14695000
482;2;2588000
483;2;817000
484;1;335000
485;1;105000
486;1;5311000
487;1;226000
488;20;4475000
489;48;3195000
490;1;6363000
491;1;67961000
492;120;638000
493;1;664000
494;1;2273000
495;1000;392964000
496;153;5110000
497;3;577869000
498;1;998000
499;3;5702000
500;1;38040000
501;1;102884000
502;150;1110000
503;29;3116000
504;1;30868000
505;1;25606000
506;1;93000
507;1;1396000
508;11;1226000
509;1;402000
510;1000;6690000
511;1;1097000
512;4;9250000
513;117;7329000
514;2;9674000
515;1;57883000
516;26;26770000
517;4;3120000
518;13;1059000
519;1;241000
520;18;2908000
521;4;5515000
522;1000;5334000
523;1;5018000
524;532;15155000
525;1;6674000
526;1;703000
527;131;10507000
528;1;1315000
529;1;9652000
530;1;1096000
531;6;878000
532;141;727000
533;8;8274000
534;250;22163000
535;1000;3813000
536;149;3128000
537;4;668000
538;4;6684000
539;2;51262000
540;3;1506000
541;1;749000
542;1;370000
543;5;6620000
544;1;561000
545;1;68000
546;6;482000
547;1;2019000
548;3;1879000
549;1000;5382000
550;1;11318000
551;2;328000
552;1;132000
553;1;486000
554;7;742000
555;1;6732000
556;1;796000
557;1;15685000
558;309;6042000
559;6;1883000
560;1;1789000
561;3;3988000
562;12;15638000
563;1000;4005000
564;3;1078000
565;1;4325000
566;2;18212000
567;2;491000
568;6;183000
569;326;10594000
570;13;401341000
571;1;73107000
572;77;1636000
573;3;2310000
574;1;8179000
575;1;5468000
576;1;1457000
577;1;1898000
578;1;5400000
579;697;2912000
580;9;7528000
581;3;119614000
582;1;86000
583;1;156000
584;1;329416000
585;3;194000
586;2;493866000
587;3;1330000
588;4;1452000
589;1;810000
590;1;2810000
591;2;797000
592;2;21645000
593;6;16749000
594;1;10789000
595;1000;2616756000
596;5;1661085000
597;1;132000
598;2;188000
599;1;7172000
600;1000;28114000
601;1000;9364000
602;279;12554000
603;448;1882000
604;263;31534000
605;1;759000
606;1;26771000
607;1000;11860000
608;30;18397000
609;2;7879000
610;1;2801000
611;1;6815000
612;1;1988000
613;2;73119000
614;1;67707000
615;193;5762000
616;16;16871000
617;3;4482000
618;3;1787000
619;26;23425000
620;2;87000
621;1;245000
622;18;1498000
623;2;5564000
624;23;20293000
625;3;1845000
626;1;24370000
627;1;129000
628;5;529000
629;4;1938000
630;1000;5857000
631;523;7214000
632;39;6213000
633;52;4547000
634;10;2783000
635;1;489000
636;1;3694000
637;2;1326000
638;6;1077000
639;2;4158000
640;250;2435000
641;3;2643000
642;3;5037000
643;3;1258000
644;3;131000
645;1;824000
646;1;2480000
647;476;1506000
648;2;8293000
649;1;1236000
650;3;113488000
651;1;8116000
652;2;29483000
653;109;3872000
654;8;4428000
655;13;4293000
656;30;4339000
657;3;1594000
658;8;54295000
659;2;3136000
660;2;6139000
661;1;4456000
662;2;108943000
663;806;28790000
664;3;16002535000
665;3;5696000
666;1;2013000
667;1;5071000
668;1;7859000
669;1000;12372000
670;9;17155000
671;5;23183000
672;2;362000
673;1;3565000
674;2;13093000
675;1;6106000
676;2;2049000
677;10;3390000
678;1;54000
679;37;36726000
680;1;192000
681;1;483000
682;1000;3728000
683;2;8601000
684;108;474000
685;3;554000
686;1;5484000
687;2;2061000
688;9;1034000
689;1;315000
690;2;1225000
691;2;17520000
692;1;4003000
693;1;4907000
694;1;1804000
695;85;9600000
696;240;1229000
697;1;1287000
698;1;1159000
699;4;9670000
700;3;338000
701;3;1535000
702;8;463000
703;14;11595000
704;12;62614000
705;36;6044000
706;1;517000
707;1;301000
708;447;1687000
709;125;1140000
710;61;12339000
711;7;6285000
712;1;135985000
713;2;1421000
714;1000;28929000
715;143;18416000
716;1;2557000
717;1;56837000
718;1;2290000
719;1;494576000
720;2;1137000
721;3;985000
722;597;21098000
723;1;514000
724;322;8286000
725;1;24097000
726;2;1308000
727;1;241425000
728;9;2338000
729;177;3389000
730;2;981000
731;1000;3808000
732;6;3016000
733;1;11861000
734;1;354000
735;7;1271000
736;13;2571000
737;3;8179000
738;1;22881000
739;1;10801000
740;7;829000
741;47;5047000
742;1;16026000
743;1;984000
744;1;112000
745;1;98000
746;1;37761000
747;1;107000
748;1;367000
749;3;88318000
750;8;66329000
751;534;3449000
752;1;6035000
753;7;161492000
754;6;171861000
755;1000;5506000
756;1;1661000
757;1;19781000
758;1;112000
759;1;2883000
760;1;929000
761;24;2158000
762;6;6654000
763;12;3004000
764;4;195000
765;4;594000
766;1;235000
767;5;28263000
768;1;526000
769;14;1681000
770;9;3313000
771;39;355000
772;889;13375000
773;1;3038000
774;3;21034000
775;587;12761000
776;10;1227000
777;4;1292000
778;3;451000
779;1;1775000
780;5;37900000
781;19;837000
782;1;9431000
783;1;190000
784;2;128000
785;2;5538000
786;2;1467000
787;2;2938000
788;20;481000
789;1;372000
790;1000;19898000
791;1;734299000
792;3;5921000
793;10;166000
794;9;3774000
795;7;1817000
796;510;768000
797;2;98699000
798;1;346000
799;1;1583000
800;1000;9875000
801;1;106000
802;2;101000
803;724;9109000
804;113;14373000
805;1;155000
806;42;844000
807;7;1872000
808;8;2392000
809;2;563000
810;21;225000
811;6;423042000
812;2;567000
813;2;66226000
814;1;549000
815;5;104678000
816;202;7626000
817;1;7145000
818;1;2539000
819;2;1080000
820;6;14199000
821;23;386424000
822;3;680000
823;1;21401000
824;1;77000
825;4;1381000
826;1000;15900000
827;81;3717000
828;2;36141000
829;1;4277000
830;264;9191000
831;1;113000
832;63;1760000
833;1;1582000
834;3;170000
835;4;448000
836;1;1031000
837;1;84000
838;5;8044000
839;126;952000
840;1;155000
841;11;3978000
842;19;26843000
843;1;17019000
844;37;476000
845;1;250946000
846;1;4548000
847;3;17760000
848;3;323000
849;2;1101000
