 Loading the index...
 Index loaded 1033851318 bytes
0;1;12519000
1;1000;6806000
2;1;2086000
3;27;4832000
4;273;4177000
5;1;2467000
6;1;1645000
7;2;481000
8;1;38970000
9;1000;6629000
10;2;1854000
11;10;2216000
12;1;434000
13;81;9609000
14;8;12348000
15;11;8778000
16;4;255000
17;10;334000
18;3;21426000
19;2;2723000
20;4;769000
21;50;52802000
22;5;106714000
23;17;12967000
24;2;13637000
25;2;15509000
26;245;3848000
27;10;1452000
28;1;533000
29;248;54498000
30;1;2968000
31;2;217000
32;1;13549000
33;1;41232000
34;102;55153000
35;2;5738000
36;11;23701000
37;1;593000
38;9;32625000
39;1;6590000
40;1;224000
41;1;12373000
42;7;2573000
43;1;5609000
44;5;10766000
45;1;107899000
46;1;3651000
47;1;1441000
48;3;9154000
49;1000;14591000
50;1;3821000
51;1;2591000
52;1;631000
53;1;2951000
54;1;26077000
55;32;930000
56;926;6983000
57;1;396000
58;1;4791000
59;1;116000
60;1;33246000
61;1;553000
62;507;17386000
63;4;1663000
64;2;153000
65;2;2725000
66;1;2394000
67;26;3705000
68;1;852000
69;6;3144000
70;29;307000
71;1;481000
72;1;2656000
73;308;264379000
74;1;775000
75;1;2072000
76;15;179364000
77;24;3173000
78;3;3045000
79;1;12294000
80;16;6772000
81;76;637000
82;1;2109000
83;32;2453000
84;56;2951000
85;1;1727000
86;37;929000
87;1;1251000
88;20;2028000
89;1000;17808000
90;1;2855000
91;35;1124000
92;1;3395000
93;22;11835000
94;1;168000
95;1;1677000
96;1000;12682000
97;4;1595000
98;1;1808000
99;188;31248000
100;1;422000
101;1;2478000
102;1;3300000
103;1;4764000
104;1;51839000
105;1;1046000
106;9;7561000
107;1;725000
108;76;1929000
109;143;4835000
110;7;5093000
111;33;546000
112;688;20293000
113;3;55245000
114;233;10323000
115;1;1304000
116;8;2835000
117;7;3954000
118;1000;749768000
119;1;2406000
120;1;49579000
121;2;585000
122;5;3383000
123;1;3926000
124;93;1689000
125;1;1271000
126;12;8681000
127;4;1687000
128;3;3279000
129;1000;5571000
130;1;3817000
131;1;21251000
132;3;25264000
133;2;6331000
134;1;222000
135;1;576000
136;1;784000
137;120;1588000
138;2;5468000
139;7;23101000
140;365;4447000
141;1;10939000
142;23;4089000
143;7;8647000
144;1;1573000
145;122;6086000
146;2;1582000
147;71;1812000
148;1;1066000
149;61;1817000
150;1;12929000
151;1;19252000
152;1000;17271000
153;1;1167148000
154;9;548000
155;3;5366000
156;6;1774000
157;1;1010000
158;7;1616000
159;1;5761000
160;1;1013000
161;386;6333000
162;30;6717000
163;1;207000
164;18;1324000
165;1000;51797000
166;1;3388000
167;97;1194000
168;1000;28495000
169;2;13732000
170;83;1814116000
171;1000;10769000
172;2;170719000
173;234;8860000
174;1;29265000
175;1000;3232000
176;1;1441000
177;1;10941000
178;1;5163000
179;1000;10675000
180;1;238000
181;1;2116000
182;128;4873000
183;1000;124637000
184;1;40149000
185;1;5381000
186;1;6561000
187;1;2163000
188;2;2916000
189;3;6442000
190;59;333532000
191;2;61373000
192;1;1987000
193;1;1090000
194;1000;16087000
195;1;13488000
196;80;10195000
197;3;8600000
198;8;287000
199;65;12036000
200;1000;6146000
201;2;7715000
202;35;14329000
203;8;2588000
204;1;615000
205;1;6543000
206;3;66432000
207;1;241999000
208;2;462000
209;568;6396000
210;1;32460000
211;113;8783000
212;1;5280000
213;9;1624000
214;1;19845000
215;3;4169000
216;1;1741000
217;1;718000
218;1000;21285000
219;3;1811000
220;3;13493000
221;1;454000
222;1;1985000
223;12;4069000
224;1;3238000
225;3;4374000
226;3;161819000
227;1;1657000
228;1;87959000
229;5;379000
230;34;9358000
231;2;387000
232;31;8401000
233;1;13675000
234;1;3822000
235;1;8922000
236;4;2587000
237;1;78100000
238;1;2631000
239;22;59119000
240;1000;155983000
241;12;2442000
242;7;4002000
243;5;7979000
244;1;948000
245;1;737000
246;3;420000
247;1;667000
248;1;19755000
249;4;20210000
250;1;78881000
251;2;1967000
252;87;3303000
253;30;6070000
254;2;22206000
255;15;2734000
256;2;2978000
257;1;480000
258;2;2038000
259;1;1174000
260;1;873000
261;2;7638000
262;1;1075000
263;2;210000
264;2;153000
265;284;4121000
266;1;548000
267;1;1760000
268;3;1201000
269;1000;9691000
270;1;4402000
271;1;1618000
272;1000;23815000
273;3;555000
274;2;3657000
275;64;5731000
276;2;224000
277;25;520000
278;5;6090000
279;3;5539000
280;5;23668216000
281;1;2062000
282;1;601000
283;12;89289000
284;17;1554000
285;1;8188000
286;1000;10984000
287;4;107153000
288;37;5235000
289;1;2636000
290;3;65340000
291;432;4547000
292;1;235000
293;172;14000000
294;8;1328000
295;1;174000
296;38;2380000
297;3;4336000
298;1;6089000
299;1;250000
300;1;5322000
301;10;2251000
302;2;1438000
303;4;4018000
304;6;189000
305;52;2064000
306;1;119000
307;2;5211000
308;4;2431000
309;320;6037000
310;1;341000
311;1;14389000
312;1000;7211000
313;1;7179000
314;1;1660000
315;2;4501000
316;24;46814000
317;24;1112000
318;1;452000
319;1;312000
320;2;3651000
321;1;918000
322;1;43661000
323;22;1990000
324;67;2714000
325;1;9603000
326;1;19361000
327;4;20413000
328;1;1680000
329;1;143000
330;1;2107000
331;2;13848000
332;21;4396000
333;1;1391000
334;18;1560000
335;1;627000
336;1000;26498000
337;50;12954000
338;830;6605000
339;6;2904000
340;1;1260000
341;1;5349000
342;24;126360000
343;7;1346000
344;1;8983000
345;1;25669000
346;2;27296000
347;1;1689000
348;4;5700000
349;1;837000
350;2;9864000
351;1;36627000
352;48;1344000
353;7;1674000
354;9;4864000
355;1000;47773000
356;2;204503000
357;23;9697000
358;1;416000
359;1;15661000
360;1;18286000
361;1;12538000
362;14;2593000
363;30;6726000
364;21;3593000
365;1000;26923000
366;1;13122000
367;1;11291000
368;704;10815000
369;3;2696000
370;1;776000
371;2;796000
372;1;29318000
373;8;277000
374;1000;37176000
375;1;3470000
376;65;1344000
377;1;3930000
378;1;3655000
379;1;2171000
380;1000;18193000
381;1;211000
382;1;337000
383;1;202000
384;3;526000
385;1;55375000
386;486;33043000
387;1;439000
388;50;13525912000
389;4;11408000
390;1000;12655000
391;6;1278000
392;3;469000
393;16;6696000
394;883;34194000
395;1;3582000
396;1000;26919000
397;221;50429000
398;20;2385000
399;1;13793000
400;1;4053000
401;1;1828000
402;23;6124000
403;1000;12616000
404;2;9898000
405;2;1083000
406;4;3466000
407;4;5711000
408;59;487131000
409;1;4792000
410;6;186376000
411;1;580000
412;1;33623000
413;14;3874000
414;2;25925000
415;3;28445000
416;141;35712000
417;1;1403000
418;1;382000
419;3;3102000
420;151;4215000
421;2;13281000
422;25;586000
423;1;2187000
424;1;12030000
425;1;9180000
426;1;11978000
427;1;12004000
428;1;1083000
429;1;13612000
430;2;107393000
431;117;2509000
432;2;126000
433;49;17711000
434;1;1155000
435;2;6041000
436;1;1592000
437;1;188000
438;1;1753000
439;3;1054000
440;2;2852000
441;2;4709000
442;10;698000
443;1000;88262000
444;1;1349000
445;1;16789000
446;7;2503000
447;3;4397000
448;2;80182000
449;32;2893000
450;2;1304000
451;56;14916000
452;1000;11884000
453;1000;28313000
454;1;8268000
455;29;11776000
456;5;840000
457;1;265000
458;328;3970000
459;1;1597000
460;83;7701000
461;6;98240000
462;1;13355000
463;1;8127000
464;4;1125000
465;1;5032000
466;2;1471000
467;1;1033000
468;19;2270000
469;1;1346000
470;1000;12093000
471;1;3770000
472;1;817000
473;2;21365000
474;1;2317000
475;248;5769000
476;1;2553000
477;349;5870000
478;1;3546000
479;2;596000
480;14;9256000
481;73;15968000
482;2;2568000
483;2;859000
484;1;397000
485;1;134000
486;1;5418000
487;1;261000
488;20;5073000
489;48;3703000
490;1;6387000
491;1;67936000
492;120;1648000
493;1;660000
494;1;2236000
495;1000;395774000
496;153;6396000
497;3;569810000
498;1;1065000
499;3;5766000
500;1;37958000
501;1;103795000
502;150;2773000
503;29;3305000
504;1;30334000
505;1;24998000
506;1;128000
507;1;1394000
508;11;1485000
509;1;434000
510;1000;16494000
511;1;1104000
512;4;9325000
513;117;8776000
514;2;9455000
515;1;56557000
516;26;27297000
517;4;3177000
518;13;1392000
519;1;267000
520;18;2931000
521;4;5522000
522;1000;14400000
523;1;5008000
524;532;26981000
525;1;6668000
526;1;730000
527;131;13760000
528;1;1352000
529;1;9652000
530;1;1106000
531;6;1182000
532;141;1765000
533;8;8555000
534;250;30540000
535;1000;10680000
536;149;5412000
537;4;806000
538;4;6813000
539;2;50277000
540;3;1638000
541;1;758000
542;1;414000
543;5;6609000
544;1;617000
545;1;112000
546;6;573000
547;1;2070000
548;3;1941000
549;1000;12193000
550;1;11370000
551;2;403000
552;1;175000
553;1;544000
554;7;838000
555;1;6710000
556;1;864000
557;1;15838000
558;309;10214000
559;6;2031000
560;1;1806000
561;3;3995000
562;12;15479000
563;1000;10942000
564;3;1207000
565;1;4326000
566;2;18216000
567;2;572000
568;6;233000
569;326;15181000
570;13;384593000
571;1;73532000
572;77;2558000
573;3;2439000
574;1;8213000
575;1;5487000
576;1;1462000
577;1;1914000
578;1;5377000
579;697;6977000
580;9;7547000
581;3;117635000
582;1;117000
583;1;204000
584;1;297621000
585;3;357000
586;2;478101000
587;3;1496000
588;4;1529000
589;1;844000
590;1;2757000
591;2;863000
592;2;21717000
593;6;16578000
594;1;10767000
595;1000;2624170000
596;5;1664889000
597;1;220000
598;2;189000
599;1;7123000
600;1000;36199000
601;1000;13893000
602;279;13648000
603;448;4315000
604;263;31032000
605;1;759000
606;1;26420000
607;1000;19593000
608;30;18268000
609;2;7835000
610;1;2820000
611;1;6829000
612;1;2099000
613;2;74259000
614;1;65509000
615;193;8851000
616;16;17489000
617;3;4387000
618;3;1948000
619;26;23534000
620;2;134000
621;1;294000
622;18;1840000
623;2;5636000
624;23;19901000
625;3;1992000
626;1;24420000
627;1;187000
628;5;635000
629;4;2043000
630;1000;12901000
631;523;13865000
632;39;6844000
633;52;5008000
634;10;2924000
635;1;528000
636;1;3755000
637;2;1348000
638;6;1175000
639;2;4161000
640;250;6128000
641;3;2738000
642;3;5162000
643;3;1319000
644;3;203000
645;1;865000
646;1;2449000
647;476;2550000
648;2;8188000
649;1;1298000
650;3;109644000
651;1;8022000
652;2;29347000
653;109;4698000
654;8;4715000
655;13;4278000
656;30;4910000
657;3;1631000
658;8;54049000
659;2;3114000
660;2;6256000
661;1;4450000
662;2;108020000
663;806;48171000
664;3;15778404000
665;3;5785000
666;1;1957000
667;1;5038000
668;1;7940000
669;1000;21221000
670;9;17012000
671;5;23682000
672;2;447000
673;1;3594000
674;2;13174000
675;1;6028000
676;2;2099000
677;10;3887000
678;1;83000
679;37;35913000
680;1;258000
681;1;531000
682;1000;7240000
683;2;8614000
684;108;1166000
685;3;679000
686;1;5441000
687;2;2073000
688;9;1359000
689;1;305000
690;2;1306000
691;2;17348000
692;1;3952000
693;1;4905000
694;1;1778000
695;85;9535000
696;240;2729000
697;1;1273000
698;1;1217000
699;4;9647000
700;3;386000
701;3;1537000
702;8;564000
703;14;11646000
704;12;61100000
705;36;6586000
706;1;556000
707;1;344000
708;447;5424000
709;125;2241000
710;61;12981000
711;7;6381000
712;1;134127000
713;2;1472000
714;1000;28861000
715;143;18152000
716;1;2582000
717;1;56148000
718;1;2277000
719;1;502553000
720;2;1227000
721;3;1048000
722;597;20785000
723;1;569000
724;322;12864000
725;1;24292000
726;2;1292000
727;1;237652000
728;9;2338000
729;177;3400000
730;2;1099000
731;1000;10462000
732;6;3069000
733;1;11618000
734;1;401000
735;7;1443000
736;13;2973000
737;3;8182000
738;1;22567000
739;1;10776000
740;7;1069000
741;47;5560000
742;1;16023000
743;1;1041000
744;1;164000
745;1;120000
746;1;37256000
747;1;172000
748;1;419000
749;3;89289000
750;8;66323000
751;534;8541000
752;1;6065000
753;7;153936000
754;6;169863000
755;1000;15502000
756;1;1697000
757;1;18993000
758;1;148000
759;1;2870000
760;1;988000
761;24;2559000
762;6;6896000
763;12;3126000
764;4;296000
765;4;681000
766;1;262000
767;5;27189000
768;1;549000
769;14;1995000
770;9;3326000
771;39;827000
772;889;26152000
773;1;3062000
774;3;20759000
775;587;21661000
776;10;1231000
777;4;1453000
778;3;528000
779;1;1829000
780;5;37549000
781;19;1097000
782;1;9497000
783;1;247000
784;2;195000
785;2;5397000
786;2;1531000
787;2;2986000
788;20;896000
789;1;428000
790;1000;32414000
791;1;725642000
792;3;5865000
793;10;342000
794;9;3935000
795;7;1989000
796;510;1687000
797;2;99163000
798;1;371000
799;1;1558000
800;1000;15231000
801;1;151000
802;2;174000
803;724;17941000
804;113;16983000
805;1;182000
806;42;1242000
807;7;1850000
808;8;2455000
809;2;588000
810;21;318000
811;6;437618000
812;2;607000
813;2;66555000
814;1;586000
815;5;101723000
816;202;12038000
817;1;7192000
818;1;2634000
819;2;1158000
820;6;14449000
821;23;381103000
822;3;856000
823;1;20945000
824;1;105000
825;4;1529000
826;1000;41744000
827;81;5211000
828;2;36255000
829;1;4322000
830;264;15394000
831;1;116000
832;63;2642000
833;1;1598000
834;3;220000
835;4;605000
836;1;1061000
837;1;113000
838;5;8103000
839;126;2024000
840;1;204000
841;11;4237000
842;19;27264000
843;1;17087000
844;37;820000
845;1;248718000
846;1;4459000
847;3;17370000
848;3;421000
849;2;1166000
