 Loading the index...
 Index loaded 1033851318 bytes
0;1;10210000
1;1000;2721000
2;1;1679000
3;27;3360000
4;273;2358000
5;1;1803000
6;1;1206000
7;2;286000
8;1;21172000
9;1000;2602000
10;2;1393000
11;10;1640000
12;1;300000
13;81;6906000
14;8;9204000
15;11;6781000
16;4;151000
17;10;187000
18;3;15937000
19;2;1848000
20;4;523000
21;50;38994000
22;5;70994000
23;17;9021000
24;2;8304000
25;2;10774000
26;245;1969000
27;10;1006000
28;1;347000
29;248;41299000
30;1;2144000
31;2;143000
32;1;10003000
33;1;30424000
34;102;40244000
35;2;3842000
36;11;18557000
37;1;407000
38;9;29993000
39;1;5279000
40;1;158000
41;1;7983000
42;7;1891000
43;1;4362000
44;5;6831000
45;1;98361000
46;1;2529000
47;1;982000
48;3;6240000
49;1000;5949000
50;1;2649000
51;1;1794000
52;1;478000
53;1;1957000
54;1;17899000
55;32;483000
56;926;3027000
57;1;252000
58;1;3523000
59;1;71000
60;1;25128000
61;1;325000
62;507;8917000
63;4;1148000
64;2;85000
65;2;1671000
66;1;1900000
67;26;2384000
68;1;610000
69;6;1976000
70;29;127000
71;1;342000
72;1;2056000
73;308;221547000
74;1;587000
75;1;1550000
76;15;129090000
77;24;2107000
78;3;2019000
79;1;8960000
80;16;4827000
81;76;287000
82;1;1384000
83;32;1543000
84;56;1905000
85;1;1334000
86;37;438000
87;1;808000
88;20;1190000
89;1000;4186000
90;1;2214000
91;35;599000
92;1;2643000
93;22;7955000
94;1;135000
95;1;1186000
96;1000;4471000
97;4;1162000
98;1;1332000
99;188;22464000
100;1;305000
101;1;1536000
102;1;2556000
103;1;3457000
104;1;40802000
105;1;671000
106;9;5603000
107;1;453000
108;76;1050000
109;143;2493000
110;7;3380000
111;33;259000
112;688;10080000
113;3;35762000
114;233;6073000
115;1;987000
116;8;1835000
117;7;2863000
118;1000;134947000
119;1;1605000
120;1;33948000
121;2;370000
122;5;2440000
123;1;2977000
124;93;722000
125;1;868000
126;12;6692000
127;4;1093000
128;3;2259000
129;1000;1495000
130;1;2476000
131;1;18687000
132;3;16532000
133;2;4865000
134;1;152000
135;1;384000
136;1;571000
137;120;648000
138;2;4164000
139;7;20730000
140;365;2239000
141;1;8026000
142;23;2543000
143;7;6172000
144;1;1158000
145;122;3775000
146;2;1207000
147;71;821000
148;1;649000
149;61;966000
150;1;10371000
151;1;14683000
152;1000;5024000
153;1;731046000
154;9;303000
155;3;3521000
156;6;1122000
157;1;709000
158;7;1342000
159;1;3715000
160;1;731000
161;386;3347000
162;30;5184000
163;1;143000
164;18;833000
165;1000;10609000
166;1;2135000
167;97;506000
168;1000;3496000
169;2;10161000
170;83;1138714000
171;1000;4087000
172;2;131417000
173;234;5374000
174;1;20251000
175;1000;715000
176;1;954000
177;1;7642000
178;1;3309000
179;1000;4664000
180;1;155000
181;1;1609000
182;128;2683000
183;1000;9349000
184;1;27708000
185;1;3385000
186;1;4915000
187;1;1496000
188;2;1971000
189;3;4589000
190;59;279216000
191;2;44862000
192;1;1597000
193;1;737000
194;1000;6283000
195;1;10908000
196;80;5855000
197;3;6574000
198;8;154000
199;65;8978000
200;1000;2065000
201;2;5136000
202;35;10520000
203;8;1667000
204;1;345000
205;1;5070000
206;3;50137000
207;1;185988000
208;2;291000
209;568;3180000
210;1;26487000
211;113;5115000
212;1;3990000
213;9;1284000
214;1;13914000
215;3;2800000
216;1;1189000
217;1;422000
218;1000;10688000
219;3;1327000
220;3;9218000
221;1;352000
222;1;1372000
223;12;2585000
224;1;2020000
225;3;2708000
226;3;122433000
227;1;1327000
228;1;59861000
229;5;200000
230;34;5832000
231;2;258000
232;31;5303000
233;1;10424000
234;1;3071000
235;1;6598000
236;4;1763000
237;1;57222000
238;1;1859000
239;22;39755000
240;1000;19445000
241;12;1746000
242;7;2436000
243;5;7345000
244;1;607000
245;1;500000
246;3;266000
247;1;464000
248;1;14661000
249;4;15383000
250;1;55274000
251;2;1367000
252;87;1887000
253;30;4213000
254;2;20051000
255;15;1888000
256;2;2024000
257;1;282000
258;2;1406000
259;1;882000
260;1;641000
261;2;4595000
262;1;816000
263;2;124000
264;2;87000
265;284;2137000
266;1;385000
267;1;1145000
268;3;781000
269;1000;4014000
270;1;2828000
271;1;1264000
272;1000;6351000
273;3;353000
274;2;2742000
275;64;3663000
276;2;133000
277;25;279000
278;5;3956000
279;3;3776000
280;5;13318597000
281;1;1466000
282;1;370000
283;12;67941000
284;17;940000
285;1;5353000
286;1000;4312000
287;4;38364000
288;37;3370000
289;1;2152000
290;3;47205000
291;432;1883000
292;1;184000
293;172;8253000
294;8;866000
295;1;139000
296;38;1490000
297;3;3453000
298;1;4782000
299;1;167000
300;1;4032000
301;10;1414000
302;2;1200000
303;4;2401000
304;6;92000
305;52;1105000
306;1;68000
307;2;3856000
308;4;1623000
309;320;2875000
310;1;223000
311;1;10709000
312;1000;2872000
313;1;4583000
314;1;1171000
315;2;3463000
316;24;30035000
317;24;684000
318;1;354000
319;1;196000
320;2;2921000
321;1;595000
322;1;36418000
323;22;1460000
324;67;1606000
325;1;8383000
326;1;14742000
327;4;15627000
328;1;1094000
329;1;97000
330;1;1470000
331;2;11056000
332;21;2891000
333;1;1064000
334;18;1262000
335;1;424000
336;1000;11747000
337;50;9195000
338;830;2707000
339;6;2109000
340;1;857000
341;1;4154000
342;24;89138000
343;7;954000
344;1;5704000
345;1;21376000
346;2;20891000
347;1;1305000
348;4;4033000
349;1;651000
350;2;7682000
351;1;32164000
352;48;720000
353;7;1080000
354;9;3864000
355;1000;12751000
356;2;147839000
357;23;5724000
358;1;296000
359;1;10180000
360;1;13606000
361;1;10306000
362;14;1760000
363;30;5202000
364;21;2147000
365;1000;7916000
366;1;9335000
367;1;8745000
368;704;4932000
369;3;2093000
370;1;524000
371;2;611000
372;1;21410000
373;8;164000
374;1000;14678000
375;1;2945000
376;65;722000
377;1;3131000
378;1;2881000
379;1;1754000
380;1000;7784000
381;1;133000
382;1;218000
383;1;121000
384;3;358000
385;1;38286000
386;486;18745000
387;1;299000
388;50;8805596000
389;4;8897000
390;1000;4674000
391;6;793000
392;3;372000
393;16;4094000
394;883;19078000
395;1;2687000
396;1000;5960000
397;221;40342000
398;20;1556000
399;1;10118000
400;1;3210000
401;1;1194000
402;23;3688000
403;1000;2574000
404;2;7695000
405;2;630000
406;4;2313000
407;4;4229000
408;59;369480000
409;1;3151000
410;6;179031000
411;1;439000
412;1;30502000
413;14;2710000
414;2;23993000
415;3;20666000
416;141;28191000
417;1;877000
418;1;242000
419;3;2428000
420;151;2307000
421;2;10099000
422;25;265000
423;1;1511000
424;1;9035000
425;1;7663000
426;1;9106000
427;1;7814000
428;1;847000
429;1;9906000
430;2;81886000
431;117;1436000
432;2;70000
433;49;14568000
434;1;780000
435;2;4434000
436;1;1080000
437;1;135000
438;1;1200000
439;3;780000
440;2;1801000
441;2;2931000
442;10;594000
443;1000;10777000
444;1;1017000
445;1;13346000
446;7;1558000
447;3;2748000
448;2;58994000
449;32;1786000
450;2;829000
451;56;10730000
452;1000;3792000
453;1000;2730000
454;1;6578000
455;29;6888000
456;5;535000
457;1;179000
458;328;1941000
459;1;1395000
460;83;5197000
461;6;80358000
462;1;10075000
463;1;5310000
464;4;735000
465;1;3823000
466;2;1339000
467;1;808000
468;19;1517000
469;1;995000
470;1000;4673000
471;1;2924000
472;1;524000
473;2;16583000
474;1;1590000
475;248;2454000
476;1;1902000
477;349;2996000
478;1;2395000
479;2;418000
480;14;6095000
481;73;10256000
482;2;1951000
483;2;633000
484;1;236000
485;1;110000
486;1;3647000
487;1;165000
488;20;3151000
489;48;2529000
490;1;4393000
491;1;47091000
492;120;659000
493;1;539000
494;1;1749000
495;1000;230007000
496;153;4181000
497;3;487545000
498;1;671000
499;3;4081000
500;1;28120000
501;1;95146000
502;150;1259000
503;29;2074000
504;1;26249000
505;1;18874000
506;1;83000
507;1;1082000
508;11;1032000
509;1;274000
510;1000;5964000
511;1;829000
512;4;6453000
513;117;6030000
514;2;6829000
515;1;46463000
516;26;15967000
517;4;2176000
518;13;842000
519;1;204000
520;18;2383000
521;4;3772000
522;1000;5373000
523;1;3640000
524;532;14457000
525;1;5012000
526;1;607000
527;131;7806000
528;1;929000
529;1;7991000
530;1;919000
531;6;691000
532;141;798000
533;8;5366000
534;250;16845000
535;1000;4190000
536;149;2826000
537;4;461000
538;4;4802000
539;2;36256000
540;3;1049000
541;1;573000
542;1;297000
543;5;4953000
544;1;401000
545;1;77000
546;6;361000
547;1;1373000
548;3;1362000
549;1000;4947000
550;1;8870000
551;2;239000
552;1;107000
553;1;364000
554;7;539000
555;1;4956000
556;1;611000
557;1;11484000
558;309;5629000
559;6;1296000
560;1;1365000
561;3;3062000
562;12;11790000
563;1000;4085000
564;3;813000
565;1;3261000
566;2;12695000
567;2;375000
568;6;143000
569;326;9158000
570;13;362142000
571;1;45743000
572;77;1337000
573;3;1710000
574;1;6724000
575;1;3921000
576;1;1104000
577;1;1453000
578;1;3953000
579;697;3282000
580;9;5608000
581;3;106675000
582;1;73000
583;1;143000
584;1;171995000
585;3;176000
586;2;421296000
587;3;1023000
588;4;1026000
589;1;637000
590;1;2321000
591;2;574000
592;2;16607000
593;6;12696000
594;1;8258000
595;1000;1809598000
596;5;1018878000
597;1;120000
598;2;170000
599;1;5393000
600;1000;7428000
601;1000;2778000
602;279;8498000
603;448;1969000
604;263;26696000
605;1;601000
606;1;10203000
607;1000;8566000
608;30;14024000
609;2;6303000
610;1;2165000
611;1;5214000
612;1;1308000
613;2;57891000
614;1;54766000
615;193;4997000
616;16;11921000
617;3;3270000
618;3;1239000
619;26;15988000
620;2;91000
621;1;210000
622;18;1090000
623;2;3850000
624;23;15559000
625;3;1308000
626;1;16979000
627;1;108000
628;5;375000
629;4;1282000
630;1000;4562000
631;523;7559000
632;39;4776000
633;52;3240000
634;10;2086000
635;1;341000
636;1;2565000
637;2;1002000
638;6;826000
639;2;3165000
640;250;2721000
641;3;1936000
642;3;3562000
643;3;957000
644;3;128000
645;1;547000
646;1;1784000
647;476;1096000
648;2;5248000
649;1;865000
650;3;78831000
651;1;5856000
652;2;21249000
653;109;3070000
654;8;3001000
655;13;3634000
656;30;3002000
657;3;1161000
658;8;40126000
659;2;2278000
660;2;4277000
661;1;3767000
662;2;82433000
663;806;25527000
664;3;11333036000
665;3;4215000
666;1;1439000
667;1;3732000
668;1;5561000
669;1000;7899000
670;9;12646000
671;5;17953000
672;2;288000
673;1;2468000
674;2;9936000
675;1;5136000
676;2;1393000
677;10;2386000
678;1;47000
679;37;27114000
680;1;160000
681;1;371000
682;1000;2416000
683;2;6152000
684;108;513000
685;3;432000
686;1;4548000
687;2;1606000
688;9;830000
689;1;242000
690;2;898000
691;2;14030000
692;1;2988000
693;1;3724000
694;1;1306000
695;85;7779000
696;240;1372000
697;1;964000
698;1;809000
699;4;7122000
700;3;249000
701;3;1189000
702;8;389000
703;14;8774000
704;12;57278000
705;36;4113000
706;1;371000
707;1;236000
708;447;1934000
709;125;1270000
710;61;7960000
711;7;4690000
712;1;66485000
713;2;1035000
714;1000;12631000
715;143;14234000
716;1;2032000
717;1;45118000
718;1;1625000
719;1;384113000
720;2;837000
721;3;713000
722;597;16404000
723;1;414000
724;322;7498000
725;1;18427000
726;2;1009000
727;1;181323000
728;9;1813000
729;177;2458000
730;2;734000
731;1000;3553000
732;6;2048000
733;1;9191000
734;1;278000
735;7;914000
736;13;1934000
737;3;5229000
738;1;12290000
739;1;8153000
740;7;627000
741;47;3746000
742;1;12106000
743;1;759000
744;1;105000
745;1;83000
746;1;26132000
747;1;92000
748;1;291000
749;3;69638000
750;8;52907000
751;534;3825000
752;1;4067000
753;7;95974000
754;6;133812000
755;1000;5573000
756;1;1199000
757;1;13882000
758;1;93000
759;1;2103000
760;1;654000
761;24;1480000
762;6;4857000
763;12;1856000
764;4;171000
765;4;383000
766;1;181000
767;5;10190000
768;1;396000
769;14;1406000
770;9;2680000
771;39;374000
772;889;13217000
773;1;2236000
774;3;18308000
775;587;11991000
776;10;918000
777;4;872000
778;3;376000
779;1;1470000
780;5;28354000
781;19;632000
782;1;6540000
783;1;162000
784;2;128000
785;2;3885000
786;2;1165000
787;2;2306000
788;20;456000
789;1;271000
790;1000;15900000
791;1;474977000
792;3;4740000
793;10;166000
794;9;2171000
795;7;1506000
796;510;559000
797;2;73858000
798;1;266000
799;1;1169000
800;1000;4383000
801;1;72000
802;2;87000
803;724;9407000
804;113;10820000
805;1;117000
806;42;716000
807;7;1508000
808;8;1885000
809;2;466000
810;21;193000
811;6;146704000
812;2;439000
813;2;48294000
814;1;423000
815;5;87011000
816;202;6730000
817;1;4789000
818;1;1703000
819;2;731000
820;6;9353000
821;23;332464000
822;3;509000
823;1;15229000
824;1;62000
825;4;1071000
826;1000;10554000
827;81;3234000
828;2;24005000
829;1;3401000
830;264;8356000
831;1;101000
832;63;1519000
833;1;1268000
834;3;126000
835;4;377000
836;1;749000
837;1;74000
838;5;6143000
839;126;956000
840;1;150000
841;11;3087000
842;19;23340000
843;1;14332000
844;37;405000
845;1;86506000
846;1;3498000
847;3;13400000
848;3;271000
849;2;810000
