 Loading the index...
 Index loaded 1033851318 bytes
0;1;10540000
1;1000;2888000
2;1;1768000
3;27;3483000
4;273;2429000
5;1;1853000
6;1;1214000
7;2;291000
8;1;22366000
9;1000;2790000
10;2;1441000
11;10;1679000
12;1;297000
13;81;7017000
14;8;9479000
15;11;7095000
16;4;154000
17;10;188000
18;3;16275000
19;2;2019000
20;4;534000
21;50;40394000
22;5;3569000
23;17;9537000
24;2;8237000
25;2;11365000
26;245;1559000
27;10;1004000
28;1;345000
29;248;42097000
30;1;2169000
31;2;151000
32;1;10311000
33;1;31336000
34;102;41931000
35;2;4050000
36;11;19493000
37;1;407000
38;9;30723000
39;1;5501000
40;1;165000
41;1;8284000
42;7;1914000
43;1;4561000
44;5;6892000
45;1;99495000
46;1;2628000
47;1;981000
48;3;6337000
49;1000;6328000
50;1;2659000
51;1;1837000
52;1;480000
53;1;1936000
54;1;18622000
55;32;512000
56;926;8810000
57;1;258000
58;1;3759000
59;1;71000
60;1;25798000
61;1;325000
62;507;8711000
63;4;1175000
64;2;85000
65;2;1691000
66;1;1959000
67;26;2476000
68;1;626000
69;6;2019000
70;29;124000
71;1;340000
72;1;2134000
73;308;230015000
74;1;611000
75;1;1570000
76;15;139469000
77;24;2119000
78;3;2026000
79;1;9145000
80;16;4886000
81;76;173000
82;1;1384000
83;32;1531000
84;56;2125000
85;1;1373000
86;37;461000
87;1;823000
88;20;1203000
89;1000;3635000
90;1;2318000
91;35;607000
92;1;2686000
93;22;792000
94;1;133000
95;1;1159000
96;1000;4709000
97;4;1151000
98;1;1319000
99;188;26226000
100;1;319000
101;1;1562000
102;1;2589000
103;1;3569000
104;1;42165000
105;1;698000
106;9;5917000
107;1;455000
108;76;899000
109;143;2613000
110;7;3457000
111;33;374000
112;688;10683000
113;3;37493000
114;233;6161000
115;1;1002000
116;8;1910000
117;7;3061000
118;1000;137037000
119;1;1643000
120;1;36539000
121;2;374000
122;5;2514000
123;1;3052000
124;93;769000
125;1;875000
126;12;7262000
127;4;1125000
128;3;2312000
129;1000;1560000
130;1;2585000
131;1;19134000
132;3;17925000
133;2;5062000
134;1;159000
135;1;396000
136;1;577000
137;120;1393000
138;2;4283000
139;7;21137000
140;365;2348000
141;1;8208000
142;23;2667000
143;7;6329000
144;1;1167000
145;122;3895000
146;2;1224000
147;71;537000
148;1;654000
149;61;945000
150;1;31069000
151;1;15280000
152;1000;5298000
153;1;27027000
154;9;334000
155;3;3467000
156;6;1137000
157;1;726000
158;7;1366000
159;1;3712000
160;1;743000
161;386;3438000
162;30;5321000
163;1;138000
164;18;826000
165;1000;11383000
166;1;2118000
167;97;912000
168;1000;5678000
169;2;10341000
170;83;1183931000
171;1000;3233000
172;2;135340000
173;234;5656000
174;1;21548000
175;1000;736000
176;1;966000
177;1;7989000
178;1;3443000
179;1000;4983000
180;1;162000
181;1;1644000
182;128;2481000
183;1000;9672000
184;1;28535000
185;1;3370000
186;1;4965000
187;1;1531000
188;2;1986000
189;3;4683000
190;59;304677000
191;2;46990000
192;1;1659000
193;1;763000
194;1000;4452000
195;1;11001000
196;80;5863000
197;3;6867000
198;8;166000
199;65;9274000
200;1000;1927000
201;2;5271000
202;35;11173000
203;8;1670000
204;1;343000
205;1;5131000
206;3;54742000
207;1;202399000
208;2;310000
209;568;3468000
210;1;28066000
211;113;5371000
212;1;4065000
213;9;1291000
214;1;14475000
215;3;2803000
216;1;1195000
217;1;427000
218;1000;11094000
219;3;1331000
220;3;9880000
221;1;364000
222;1;1427000
223;12;2576000
224;1;2036000
225;3;2669000
226;3;125037000
227;1;1369000
228;1;63565000
229;5;207000
230;34;6114000
231;2;272000
232;31;5512000
233;1;10855000
234;1;3177000
235;1;6817000
236;4;1831000
237;1;59363000
238;1;1932000
239;22;41979000
240;1000;17903000
241;12;1811000
242;7;2414000
243;5;7487000
244;1;609000
245;1;508000
246;3;275000
247;1;464000
248;1;15561000
249;4;16151000
250;1;2046000
251;2;1365000
252;87;1585000
253;30;4438000
254;2;20298000
255;15;1969000
256;2;2112000
257;1;275000
258;2;1406000
259;1;880000
260;1;660000
261;2;4679000
262;1;824000
263;2;120000
264;2;89000
265;284;2934000
266;1;381000
267;1;1146000
268;3;783000
269;1000;4219000
270;1;2944000
271;1;1302000
272;1000;6455000
273;3;353000
274;2;2870000
275;64;3946000
276;2;133000
277;25;288000
278;5;3947000
279;3;3775000
280;5;394244000
281;1;1495000
282;1;378000
283;12;70647000
284;17;970000
285;1;5414000
286;1000;4516000
287;4;39751000
288;37;3548000
289;1;2204000
290;3;49204000
291;432;3093000
292;1;187000
293;172;8279000
294;8;848000
295;1;139000
296;38;1510000
297;3;3563000
298;1;4886000
299;1;167000
300;1;4088000
301;10;1478000
302;2;1288000
303;4;2454000
304;6;92000
305;52;1143000
306;1;69000
307;2;3911000
308;4;1621000
309;320;3339000
310;1;221000
311;1;11235000
312;1000;3050000
313;1;4654000
314;1;1170000
315;2;3512000
316;24;760000
317;24;618000
318;1;346000
319;1;175000
320;2;3002000
321;1;606000
322;1;37523000
323;22;2179000
324;67;1758000
325;1;8595000
326;1;15169000
327;4;16094000
328;1;1121000
329;1;94000
330;1;1516000
331;2;11726000
332;21;2885000
333;1;1109000
334;18;1287000
335;1;431000
336;1000;12078000
337;50;9487000
338;830;2866000
339;6;2150000
340;1;874000
341;1;4301000
342;24;91528000
343;7;979000
344;1;5918000
345;1;22342000
346;2;21539000
347;1;1346000
348;4;4656000
349;1;649000
350;2;8153000
351;1;33570000
352;48;1048000
353;7;1134000
354;9;4004000
355;1000;11116000
356;2;158430000
357;23;5725000
358;1;373000
359;1;10249000
360;1;13872000
361;1;11135000
362;14;1777000
363;30;5330000
364;21;2109000
365;1000;8529000
366;1;9672000
367;1;8812000
368;704;2204000
369;3;2169000
370;1;522000
371;2;616000
372;1;22247000
373;8;170000
374;1000;14904000
375;1;3025000
376;65;748000
377;1;3267000
378;1;2941000
379;1;1798000
380;1000;8421000
381;1;127000
382;1;217000
383;1;120000
384;3;357000
385;1;39953000
386;486;19109000
387;1;303000
388;50;5629220000
389;4;8979000
390;1000;4874000
391;6;806000
392;3;375000
393;16;3926000
394;883;19121000
395;1;2768000
396;1000;17235000
397;221;41692000
398;20;1562000
399;1;10344000
400;1;3309000
401;1;1198000
402;23;3694000
403;1000;2619000
404;2;8158000
405;2;636000
406;4;2348000
407;4;4277000
408;59;380547000
409;1;3170000
410;6;191642000
411;1;438000
412;1;30967000
413;14;2711000
414;2;24486000
415;3;21805000
416;141;29205000
417;1;900000
418;1;250000
419;3;2571000
420;151;2403000
421;2;10579000
422;25;280000
423;1;1562000
424;1;9422000
425;1;7908000
426;1;9385000
427;1;7953000
428;1;872000
429;1;10437000
430;2;84691000
431;117;1503000
432;2;75000
433;49;15045000
434;1;779000
435;2;5410000
436;1;1069000
437;1;144000
438;1;1190000
439;3;796000
440;2;1833000
441;2;2934000
442;10;610000
443;1000;11383000
444;1;1023000
445;1;14003000
446;7;1587000
447;3;2725000
448;2;61583000
449;32;1802000
450;2;850000
451;56;11294000
452;1000;1756000
453;1000;2103000
454;1;6735000
455;29;6966000
456;5;537000
457;1;181000
458;328;1958000
459;1;1435000
460;83;5409000
461;6;83888000
462;1;10590000
463;1;5631000
464;4;747000
465;1;3863000
466;2;1358000
467;1;834000
468;19;1575000
469;1;999000
470;1000;3192000
471;1;2822000
472;1;524000
473;2;17403000
474;1;1604000
475;248;2550000
476;1;1925000
477;349;3082000
478;1;2508000
479;2;424000
480;14;6332000
481;73;10339000
482;2;1980000
483;2;635000
484;1;241000
485;1;108000
486;1;3777000
487;1;173000
488;20;3157000
489;48;2607000
490;1;4589000
491;1;48964000
492;120;1441000
493;1;556000
494;1;1769000
495;1000;223850000
496;153;4291000
497;3;504782000
498;1;691000
499;3;4354000
500;1;30430000
501;1;96976000
502;150;702000
503;29;2063000
504;1;27507000
505;1;26174000
506;1;90000
507;1;1087000
508;11;1057000
509;1;276000
510;1000;9177000
511;1;840000
512;4;6609000
513;117;6264000
514;2;7224000
515;1;48037000
516;26;16212000
517;4;2213000
518;13;852000
519;1;205000
520;18;2447000
521;4;3801000
522;1000;12655000
523;1;3643000
524;532;13056000
525;1;5249000
526;1;611000
527;131;7762000
528;1;945000
529;1;8251000
530;1;931000
531;6;726000
532;141;518000
533;8;5318000
534;250;17917000
535;1000;8255000
536;149;2927000
537;4;468000
538;4;30222000
539;2;37505000
540;3;1069000
541;1;579000
542;1;307000
543;5;4927000
544;1;399000
545;1;75000
546;6;352000
547;1;1355000
548;3;1326000
549;1000;5250000
550;1;9200000
551;2;245000
552;1;110000
553;1;377000
554;7;541000
555;1;5034000
556;1;622000
557;1;12058000
558;309;5712000
559;6;1298000
560;1;1373000
561;3;3086000
562;12;12135000
563;1000;2175000
564;3;872000
565;1;3277000
566;2;13562000
567;2;373000
568;6;141000
569;326;9234000
570;13;367697000
571;1;380653000
572;77;1271000
573;3;1759000
574;1;7008000
575;1;4089000
576;1;1109000
577;1;1483000
578;1;4004000
579;697;2044000
580;9;5914000
581;3;110204000
582;1;84000
583;1;141000
584;1;18534000
585;3;195000
586;2;436453000
587;3;1064000
588;4;1080000
589;1;643000
590;1;2343000
591;2;589000
592;2;17461000
593;6;13296000
594;1;8643000
595;1000;76531000
596;5;320000
597;1;101000
598;2;160000
599;1;5615000
600;1000;7695000
601;1000;851000
602;279;2109000
603;448;2086000
604;263;27659000
605;1;628000
606;1;10735000
607;1000;6841000
608;30;14738000
609;2;6412000
610;1;2287000
611;1;5433000
612;1;1353000
613;2;59983000
614;1;56693000
615;193;4959000
616;16;12549000
617;3;1783000
618;3;1238000
619;26;16259000
620;2;95000
621;1;203000
622;18;1064000
623;2;4004000
624;23;16135000
625;3;1316000
626;1;17565000
627;1;114000
628;5;372000
629;4;1300000
630;1000;2666000
631;523;7934000
632;39;5023000
633;52;3157000
634;10;2129000
635;1;336000
636;1;2712000
637;2;1012000
638;6;822000
639;2;3310000
640;250;2859000
641;3;1959000
642;3;3685000
643;3;997000
644;3;123000
645;1;565000
646;1;1808000
647;476;2189000
648;2;5538000
649;1;913000
650;3;89741000
651;1;5997000
652;2;22076000
653;109;3127000
654;8;2973000
655;13;3728000
656;30;3042000
657;3;1203000
658;8;40970000
659;2;2308000
660;2;4438000
661;1;3848000
662;2;87586000
663;806;26708000
664;3;9069000
665;3;4801000
666;1;1484000
667;1;3791000
668;1;5808000
669;1000;8239000
670;9;13035000
671;5;18958000
672;2;310000
673;1;2559000
674;2;10533000
675;1;5196000
676;2;1394000
677;10;2367000
678;1;47000
679;37;29734000
680;1;167000
681;1;1383000
682;1000;2468000
683;2;2108000
684;108;532000
685;3;455000
686;1;4654000
687;2;1630000
688;9;840000
689;1;243000
690;2;881000
691;2;15530000
692;1;3074000
693;1;3764000
694;1;1338000
695;85;8050000
696;240;1444000
697;1;983000
698;1;840000
699;4;7193000
700;3;250000
701;3;1233000
702;8;372000
703;14;9113000
704;12;57839000
705;36;4194000
706;1;356000
707;1;240000
708;447;2055000
709;125;1334000
710;61;7924000
711;7;4759000
712;1;69590000
713;2;1071000
714;1000;13899000
715;143;14841000
716;1;2107000
717;1;46114000
718;1;1704000
719;1;402698000
720;2;887000
721;3;721000
722;597;17122000
723;1;430000
724;322;7535000
725;1;19069000
726;2;1025000
727;1;186002000
728;9;1887000
729;177;2580000
730;2;759000
731;1000;3806000
732;6;2108000
733;1;9466000
734;1;273000
735;7;925000
736;13;1929000
737;3;5185000
738;1;12816000
739;1;8382000
740;7;634000
741;47;3923000
742;1;12671000
743;1;781000
744;1;107000
745;1;82000
746;1;27039000
747;1;106000
748;1;286000
749;3;73175000
750;8;56007000
751;534;2834000
752;1;4036000
753;7;5625000
754;6;140239000
755;1000;3724000
756;1;1227000
757;1;14456000
758;1;96000
759;1;2164000
760;1;661000
761;24;1454000
762;6;5089000
763;12;1942000
764;4;172000
765;4;386000
766;1;177000
767;5;10758000
768;1;403000
769;14;1443000
770;9;2688000
771;39;305000
772;889;13469000
773;1;2286000
774;3;18949000
775;587;12172000
776;10;973000
777;4;899000
778;3;378000
779;1;1500000
780;5;30339000
781;19;679000
782;1;6844000
783;1;171000
784;2;133000
785;2;3995000
786;2;1185000
787;2;2384000
788;20;476000
789;1;286000
790;1000;16629000
791;1;19930000
792;3;4822000
793;10;164000
794;9;2297000
795;7;1549000
796;510;569000
797;2;78795000
798;1;287000
799;1;1201000
800;1000;2371000
801;1;75000
802;2;89000
803;724;9850000
804;113;11357000
805;1;132000
806;42;651000
807;7;1527000
808;8;3392000
809;2;474000
810;21;199000
811;6;151905000
812;2;464000
813;2;49849000
814;1;441000
815;5;89498000
816;202;7105000
817;1;5059000
818;1;1779000
819;2;758000
820;6;9452000
821;23;344134000
822;3;538000
823;1;16186000
824;1;63000
825;4;1066000
826;1000;8785000
827;81;3378000
828;2;3476000
829;1;3512000
830;264;8377000
831;1;106000
832;63;1563000
833;1;1299000
834;3;123000
835;4;387000
836;1;757000
837;1;70000
838;5;6478000
839;126;818000
840;1;146000
841;11;3122000
842;19;24412000
843;1;14885000
844;37;507000
845;1;89877000
846;1;3700000
847;3;14144000
848;3;272000
849;2;853000
