77512 336 17016747
80113 336 17016497
80880 336 12459291
80880 336 17016497
82363 336 17016497
82569 336 17015755
83932 336 12459291
83962 336 17015157
89427 336 12459291
89427 336 12459401
89427 336 17016091
91193 336 17015782
96847 336 17016988
115430 336 17017354
125661 336 12459291
137442 336 17006225
137442 336 17015747
143790 336 17015414
148062 336 17012377
158442 336 17017426
161049 336 17016217
165388 336 12459291
167150 336 17005027
169834 336 17015258
173520 336 17006935
177978 336 17013787
184168 336 12459291
203275 336 17007550
203275 336 17015281
203275 336 17016331
217565 336 17015876
223991 336 17004870
232508 336 17015177
234718 336 17008563
234718 336 17016749
238679 336 17016503
238685 336 17016572
239274 336 17004774
239672 336 12459291
243656 336 17016570
245000 336 17015409
245042 336 17016566
245096 336 17006195
245098 336 17017359
248042 336 17016303
254437 336 17015706
257385 336 17017092
258311 336 12459291
258347 336 12459291
264755 336 17016572
264771 336 17016404
265536 336 17004774
267972 336 17004774
269746 336 17016882
270024 336 17013787
272012 336 17016217
273805 336 17015359
273805 336 17017517
273867 336 12459291
274389 336 17015253
274389 336 17015263
274389 336 17017178
276627 336 10457748
281245 336 12458552
281571 336 17016649
283037 336 17015189
283145 336 17017461
284383 336 17015365
285474 336 17017022
289851 336 17013787
291171 336 17015314
296200 336 17015849
296964 336 17015827
297999 336 12459291
299038 336 17016970
305658 336 17013035
306089 336 17015254
310695 336 17016672
311771 336 12459291
311771 336 17009353
311771 336 17016378
311771 336 17016654
312409 336 17015594
318283 336 17007220
321862 336 17009282
322014 336 17017085
322014 336 17017426
322122 336 17016674
333789 336 12459291
339723 336 17017416
339723 336 17017417
339723 336 17017418
339723 336 17017419
349344 336 17015878
352912 336 17010387
353856 336 17016015
354252 336 17017480
362686 336 17017285
365189 336 17017444
367622 336 12459291
367622 336 17017218
367622 336 17017323
368295 336 12459291
368295 336 17016848
368521 336 17004870
368789 336 17015876
371693 336 17016167
374102 336 17007550
374102 336 17016781
376684 336 12459291
383544 336 12459291
383544 336 17016295
387407 336 17016684
388667 336 17017354
394835 336 17008986
405103 336 17015747
407349 336 17015557
418935 336 17015225
419284 336 17017170
420698 336 17016426
424705 336 12459291
425576 336 17004870
428759 336 10457842
433522 336 17016241
434340 336 17004774
437220 336 17016893
442360 336 10457476
443453 336 17015181
445605 336 17015484
445827 336 17016572
449494 336 17016517
450705 336 17016914
455782 336 17004774
457321 336 17015479
459886 336 17016249
462305 336 17004755
466166 336 12459291
466166 336 17008817
466166 336 17015479
466166 336 17015837
466166 336 17016504
466166 336 17017383
481601 336 10457242
481601 336 12459291
481601 336 17005247
481601 336 17008058
481601 336 17015168
481601 336 17015272
481601 336 17015989
481601 336 17016572
481601 336 17016618
481601 336 17016635
481601 336 17016654
481601 336 17017183
482467 336 17017365
484942 336 17017521
485355 336 17005247
487675 336 12459291
488194 336 17016184
502862 336 17015416
503333 336 17016267
504697 336 17016632
519944 336 17016914
521203 336 17015208
542014 336 17004870
548724 336 17016825
549412 336 17014977
552094 336 17015160
555603 336 10457748
555603 336 12459291
555603 336 17011805
555603 336 17015514
560557 336 17004774
561287 336 17016418
562146 336 17017431
579794 336 17016975
586582 336 12458961
586582 336 12459291
591483 336 10457488
591483 336 12459291
592433 336 17016447
592433 336 17016450
593608 336 17006180
593608 336 17015663
593608 336 17015731
593608 336 17016879
593608 336 17016964
593608 336 17017515
594369 336 17016285
594701 336 17016712
597472 336 17017222
608463 336 17016065
613735 336 17016273
617194 336 17016249
625660 336 17015313
633631 336 17016659
633631 336 17016798
635084 336 17017505
642425 336 17016340
643912 336 17016156
646500 336 17009353
648763 336 10457589
655195 336 17016914
668798 336 12459291
668798 336 17015852
668798 336 17015853
668798 336 17016621
668798 336 17017079
670556 336 17016053
672740 336 17015192
677408 336 17015747
679395 336 12459291
688528 336 17009101
688835 336 17015598
697366 336 17016953
699285 336 17017008
707797 336 17016424
708063 336 17015680
709223 336 17015199
712577 336 17016755
713253 336 17015237
715677 336 17013787
717386 336 17016506
717901 336 17016906
719060 336 17017391
719541 336 17006581
725157 336 17015305
728135 336 17015268
730191 336 17017087
730449 336 17017379
738964 336 17012211
744340 336 17016756
744340 336 17017526
745279 336 17011979
746576 336 17017333
753589 336 17017335
756412 336 17016085
760399 336 17016456
761645 336 17015144
761645 336 17015495
769590 336 17016241
772837 336 17015609
775913 336 17015951
775913 336 17016647
777161 336 12459291
777579 336 12458961
781782 336 12459291
782168 336 17015806
783081 336 17017354
785150 336 17017546
787572 336 17015567
790053 336 17016212
791791 336 12458692
791791 336 17016265
793981 336 17009569
794486 336 17017320
796184 336 17017119
796645 336 17017518
798635 336 12459291
802650 336 17016145
802650 336 17017492
807613 336 17015832
810926 336 17015938
812473 336 12459291
812660 336 17013787
812962 336 17016509
813327 336 17016241
817774 336 17016372
819698 336 17016241
823154 336 17016679
824659 336 17004870
828158 336 17015307
828866 336 17015630
828866 336 17016965
835977 336 12459291
843622 336 12459291
877012 336 17017425
885295 336 12459291
885295 336 17016291
889097 336 10457748
889097 336 17008288
889097 336 17017033
889578 336 12459291
904963 336 17016819
905385 336 17015730
905992 336 17015782
907662 336 17016022
910081 336 17016774
910358 336 17017138
910837 336 17017322
911202 336 17016806
911839 336 17017493
921843 336 17017401
961618 336 17015170
965518 336 17006305
981603 336 10457591
982113 336 17009282
986482 336 17015576
1004174 336 12459291
1018697 336 12459291
1064804 336 17011194
1081638 336 12458240
1089470 336 12459291
1089470 336 17016077
1089833 336 12458240
1090479 336 12459291
1090481 336 12459291
1090603 336 12459291
1090605 336 12459291
1090607 336 12459291
1090623 336 12459291
1090623 336 17004845
1090632 336 17015959
1090634 336 10457591
1090634 336 17016868
1090636 336 12459291
1090638 336 12459291
1090640 336 12459291
1090642 336 17015376
1090644 336 10457338
1090644 336 17011289
1090644 336 17015277
1090644 336 17015675
1090678 336 12459291
1090680 336 12458961
1090682 336 12459291
1090686 336 10457591
1090686 336 17016006
1090690 336 12459291
1090694 336 17015658
1090696 336 10457832
1090712 336 12459291
1090716 336 10457591
1090740 336 10457707
1090744 336 17017115
1090746 336 17004645
1090750 336 17016352
1090754 336 12459291
1090756 336 12459291
1090768 336 12459291
1090770 336 17015295
1090772 336 12459291
1090792 336 12458961
1090792 336 17016647
1090794 336 12459291
1090824 336 12459291
1091312 336 17015666
1091312 336 17015944
1091312 336 17016768
1091314 336 17010374
1091350 336 12458240
1091350 336 17016816
1091571 336 12459291
1092386 336 17015647
1106838 336 12458931
1106838 336 12459291
1108162 336 17016434
1108208 336 17016897
1108484 336 17013691
1109252 336 17016313
1110719 336 17016065
1111214 336 17016297
1111606 336 17017426
1111853 336 17016338
1112639 336 17015576
1113338 336 17016843
1113894 336 12459291
1116667 336 17009472
1118796 336 12459291
1119012 336 12459291
1119246 336 17015719
1119975 336 10457847
1123354 336 12459291
1123562 336 17016684
1124743 336 17015747
1125209 336 17015796
1125282 336 17015858
1125673 336 12459291
1125673 336 17016654
1126077 336 17016232
1126315 336 17015782
1126952 336 17017333
1129483 336 17016223
1129830 336 17016572
1129953 336 17016223
1130997 336 10457664
1132925 336 17016494
1133253 336 12459291
1133867 336 17016836
1133888 336 17016527
1134658 336 17004870
1134850 336 17016924
1135870 336 17016137
1136442 336 17016209
1136471 336 17017009
1136502 336 17015290
1136664 336 17016867
1137643 336 17015831
1139003 336 10457577
1139394 336 12459291
1139547 336 17016011
1140210 336 17016239
1141009 336 17006062
1141662 336 17016614
1141711 336 12459291
1142268 336 17016527
1142709 336 12459291
1142711 336 17016570
1143005 336 17016936
1143351 336 17016338
1144504 336 17016833
1144681 336 17015919
1146605 336 17016167
1148270 336 17016103
1148375 336 17016654
1149848 336 17016417
1150286 336 17016760
1150646 336 17009934
1152451 336 12459291
1152921 336 17017132
1153302 336 17015540
1153437 336 17016527
1153482 336 12459291
1153508 336 17016572
1153629 336 17015920
1153892 336 17004870
1155330 336 10457303
1155338 336 17015281
1156306 336 17009064
1156401 336 17016654
1156888 336 17017152
1157267 336 17015960
1158817 336 17016759
1159182 336 17015307
1160728 336 17016014
1161589 336 17015945
1163197 336 17016080
1163751 336 17017365
1163995 336 17015614
1164780 336 17016546
1165571 336 12458961
1166033 336 17016132
1166117 336 17015979
1166291 336 17015209
1166856 336 17016241
1167791 336 17016686
1191445 336 17016109
1195999 336 17015528
1284326 336 17016908
1286530 336 17017209
1287764 336 17016760
1287764 336 17017131
1288038 336 17006412
1288854 336 17004774
1290452 336 12459291
1290537 336 10457748
1290537 336 17006652
1290537 336 17008726
1290672 336 17016624
1290993 336 12459291
1291039 336 12459291
1291486 336 17013787
1293761 336 17016696
1294111 336 17016279
1294707 336 12459291
1294707 336 17015762
1294707 336 17017500
1305371 336 17017461
1306164 336 17017268
1316892 336 17009259
1316892 336 17015461
1316892 336 17015462
1317816 336 17016312
1322002 336 17016241
1323648 336 17004755
1323648 336 17016121
1323648 336 17016771
1344991 336 17004774
1345045 336 17016522
1355441 336 17015946
1360302 336 17015832
1360685 336 17017354
1361155 336 12459291
1362901 336 17016227
1368557 336 17015702
1368665 336 17015273
1371088 336 17017429
1371974 336 17015475
1376047 336 17015474
1376390 336 12459291
1376390 336 17008802
1376390 336 17016280
1376390 336 17016654
1377141 336 12459291
1377913 336 17016536
1384411 336 17015446
1386032 336 17003674
1386032 336 17016753
1386248 336 10457387
1387866 336 17017354
1393032 336 17015151
1395978 336 17015370
1400301 336 17015509
1400417 336 17004774
1403566 336 17014060
1403566 336 17015967
1403678 336 17017233
1411551 336 17017152
1413412 336 17016184
1418156 336 17016970
1422312 336 12459291
1424528 336 17016572
1427362 336 12459291
1427362 336 17017145
1427362 336 17017147
1428287 336 17017022
1429193 336 10457612
1431196 336 17015881
1432216 336 17015210
1432216 336 17015704
1439342 336 17016436
1439784 336 10457303
1439784 336 10457467
1439784 336 17015980
1442137 336 12459291
1443862 336 12459291
1443862 336 17015274
1446045 336 10457496
1447934 336 12458383
1451833 336 17013787
1454535 336 17015251
1456992 336 17015718
1458915 336 17010193
1461292 336 17016696
1462683 336 17009101
1462830 336 17017333
1462830 336 17017336
1467704 336 17016241
1468289 336 12459291
1468555 336 17004869
1474450 336 17017112
1478509 336 17015638
1481150 336 17016611
1481189 336 17016102
1482611 336 17015614
1482806 336 17015506
1495962 336 17015509
1498473 336 17012191
1498521 336 17017466
1504436 336 17006581
1504436 336 17012787
1504436 336 17017059
1504742 336 17016273
1509801 336 12459291
1509801 336 17015805
1510707 336 17006348
1513466 336 17004870
1513466 336 17016215
1514368 336 17015671
1522464 336 12459291
1522464 336 17009519
1522464 336 17015176
1522464 336 17016049
1523555 336 17009101
1524615 336 17015347
1527815 336 17012193
1529892 336 17010247
1529892 336 17015434
1529892 336 17017213
1529892 336 17017514
1530128 336 17012391
1532142 336 12459291
1532142 336 17015632
1532819 336 10457577
1532819 336 12459291
1532819 336 17016605
1533699 336 17009197
1536096 336 17008636
1538721 336 17016948
1540011 336 17015621
1540278 336 17015839
1542953 336 17017152
1544379 336 12459291
1544379 336 17016406
1550107 336 17016771
1550551 336 17006631
1550618 336 17015214
1550618 336 17015347
1550618 336 17016663
1550618 336 17016664
1561543 336 17016517
1564485 336 12459291
1565194 336 12459291
1565194 336 17015759
1565194 336 17016716
1565833 336 17006412
1568495 336 17015614
1571063 336 17017422
1574487 336 17008737
1574990 336 17016019
1574990 336 17017241
1577739 336 17016515
1579442 336 17015670
1581524 336 17015941
1586062 336 12459291
1586062 336 17016013
1589341 336 17015315
1591068 336 17016167
1592779 336 17016696
1593452 336 17015914
1594209 336 17009282
1600228 336 17016565
1601406 336 17015302
1601801 336 12459291
1601801 336 17015947
1607497 336 12459291
1607820 336 17015645
1608091 336 17016705
1609155 336 17015542
1609263 336 17015580
1610507 336 17015619
1610507 336 17016713
1610916 336 12459291
1612286 336 17015575
1613258 336 17017077
1613448 336 17012191
1620696 336 17017185
1620744 336 17017488
1623501 336 17016773
1625222 336 17015267
1628240 336 12458961
1628240 336 17017094
1629216 336 12459138
1629216 336 17006225
1630249 336 17016857
1630318 336 17008926
1631384 336 17013787
1636566 336 10457752
1636574 336 17016025
1638532 336 17015147
1643830 336 17004755
1692994 336 12459291
1700429 336 12459291
1720961 336 12459291
1730036 336 17006057
1738675 336 17015662
1827401 336 17016734
1831882 336 17017095
1851838 336 12459291
1857519 336 17004774
1909426 336 17015832
1922521 336 17016356
1971482 336 17016278
1983100 336 17006063
1984142 336 17016654
1985495 336 17016118
1999441 336 17015727
2008905 336 17016217
2016007 336 17015555
2016898 336 17015484
2153028 336 12459291
2165745 336 17011094
2200728 336 17015611
2264656 336 12459291
2290532 336 12459291
2290532 336 17005565
2290921 336 17016728
2321216 336 17015517
2326300 336 17016089
2338783 336 12459291
2350540 336 17015590
2378545 336 17016654
2385141 336 17015385
2386811 336 17004774
2387899 336 17016654
2395019 336 10457589
2402968 336 17017532
2409015 336 17017037
2414918 336 17015264
2415895 336 17016961
2419248 336 17015942
2479203 336 17015836
2531789 336 17015887
2548418 336 17016952
2568406 336 17015191
2569230 336 17016610
2587016 336 17016564
2589040 336 17017025
2601625 336 12459291
2609684 336 12459291
2617782 336 17003842
2617782 336 17015669
2617782 336 17016689
2617782 336 17016997
2618426 336 17004755
2618523 336 10457591
2618523 336 12459291
2618523 336 17013102
2618678 336 12459291
2618678 336 17015232
2618678 336 17016099
2620799 336 10457708
2620872 336 10457846
2625003 336 17013102
2625238 336 17015456
2625238 336 17015674
2625238 336 17016598
2629850 336 12459291
2629850 336 17010581
2640909 336 17015515
2648794 336 12458805
2648794 336 17016957
2650903 336 10457476
2650903 336 10457748
2650903 336 17016744
2650986 336 12459291
2650986 336 17015508
2656272 336 12459291
2656601 336 17016125
2659852 336 12459291
2669529 336 17014721
2669529 336 17016813
2669529 336 17016814
2674994 336 17016230
2675182 336 17015953
2685562 336 17016026
2688657 336 10457476
2693208 336 17016380
2718962 336 12459291
2719319 336 17017506
2728148 336 17015986
2730539 336 17011805
2733249 336 17016464
2737335 336 12459291
2742225 336 17015362
2742225 336 17017457
3084758 336 17017354
3092572 336 17016527
3093804 336 10457612
3094210 336 17008058
3098680 336 17016200
3100385 336 17017121
3101449 336 12459291
3101449 336 17016588
3101449 336 17016667
3104376 336 17016914
3108789 336 17015521
3110963 336 17015796
3112107 336 17015720
3117445 336 17017222
3117924 336 12459291
3118482 336 12459291
3119244 336 17016527
3150960 336 17016922
3150960 336 17017403
3159559 336 17016167
3159974 336 17013787
3161465 336 17016970
3165403 336 12459291
3165403 336 17005052
3165403 336 17016018
3165403 336 17016640
3165403 336 17017482
3169899 336 12459291
3169899 336 17015722
3208601 336 17004870
3218444 336 17010214
3244659 336 12459291
3256611 336 17011412
3294946 336 17006348
3310578 336 17015181
3310578 336 17015902
3310578 336 17016078
3323905 336 17015312
3358991 336 12458118
3358991 336 17015455
3367112 336 17004774
3371779 336 17011723
3388815 336 17017016
3405770 336 17017034
3410747 336 12459291
3416790 336 17012191
3425086 336 17016341
3425558 336 12459291
3433787 336 17006363
3435323 336 17017080
3442833 336 10457866
3446532 336 17017414
3446532 336 17017415
3447661 336 17015810
3462821 336 17004774
3472934 336 17017354
3491373 336 12459291
3495287 336 17015706
3495459 336 17017365
3495780 336 17015347
3496135 336 12459291
3498363 336 17017438
3500555 336 17015273
3508472 336 17017027
3511601 336 17017137
3514100 336 17016556
3520952 336 12459291
3532415 336 17017354
3533284 336 17015747
3533284 336 17015754
3534697 336 12459291
3534697 336 17011805
3541154 336 17017109
3544325 336 17015856
3565033 336 17015421
3573025 336 17017072
3577560 336 17008818
3577560 336 17017512
3581575 336 12459291
3581575 336 17007220
3583728 336 17004755
3586464 336 17015199
3586712 336 17016338
3587989 336 17013787
3592067 336 17015672
3592067 336 17015673
3593706 336 17015920
3596654 336 17016030
3597272 336 17014888
3601010 336 17016357
3602010 336 17017222
3602398 336 17003634
3609633 336 17015655
3611232 336 17017541
3617932 336 17016982
3618736 336 17016561
3623413 336 17017173
3625981 336 17015292
3625981 336 17016429
3625981 336 17016541
3628164 336 17016810
3628732 336 17016249
3629762 336 17015488
3631239 336 17015307
3633719 336 17016527
3640115 336 17015421
3640736 336 17015844
3640736 336 17016455
3642597 336 17016249
3643105 336 17015902
3644546 336 17016014
3646337 336 17017365
3647607 336 17016476
3648155 336 17015724
3648230 336 17009552
3648230 336 17015781
3648230 336 17016461
3648733 336 17012191
3650081 336 12459291
3651259 336 17016041
3652548 336 17015667
3653082 336 17015444
3653082 336 17015505
3653206 336 17016107
3653206 336 17016316
3653327 336 17015772
3677700 336 17015793
3679153 336 17015162
3699485 336 17006889
3706114 336 17016996
3763181 336 17016847
3780211 336 17015768
3782867 336 17015804
3819206 336 17009510
3838960 336 17004774
3839408 336 17016572
3848690 336 17015534
3857624 336 17015703
3880937 336 12458961
3880937 336 12459291
3882986 336 12458961
3893242 336 12459291
3896455 336 12459291
3898980 336 17015520
3901846 336 17016315
3909918 336 12459291
3914801 336 12459291
3914959 336 10457591
3916618 336 17015957
3923539 336 12459291
3923643 336 12459291
3923643 336 17017428
3931827 336 12458552
3931827 336 17016405
3934374 336 12459291
3934374 336 17016981
3934376 336 12459291
3935242 336 12459352
3941018 336 12459291
3943162 336 17016946
3943857 336 12459291
3947634 336 12459291
3948788 336 12459291
3952406 336 12459291
3952406 336 17016570
3952406 336 17017380
3952418 336 12459291
3952424 336 17015787
3952426 336 12459291
3952426 336 17016748
3952430 336 12459291
3952432 336 12459291
3952434 336 12459291
3952438 336 17015457
3952447 336 12459291
3954116 336 12459291
3959521 336 17013787
3961789 336 12459291
3961789 336 17011805
3961931 336 17016317
3962430 336 17013373
3962430 336 17016981
3964908 336 12459291
3967506 336 12459291
3973103 336 17017036
3976232 336 17016266
3992987 336 17017225
3992987 336 17017520
3992987 336 17017524
3998249 336 17015447
3999573 336 17016233
3999602 336 17017099
4000263 336 17016340
4000652 336 17015149
4003030 336 17015252
4005408 336 17017004
4006261 336 17015742
4006298 336 17016667
4006599 336 17015651
4006824 336 17016350
4086826 336 17017497
4136722 336 17017333
4154283 336 17015812
4227432 336 17015838
4227432 336 17017421
4233927 336 12458011
4233927 336 17016388
4255496 336 17004870
4265303 336 17015769
4274064 336 17016977
4292621 336 12459291
4299572 336 17016654
4336923 336 17016503
4348090 336 17015385
4371119 336 17004774
4378732 336 17016929
4383324 336 17007183
4455164 336 17015679
4477431 336 17015233
4497985 336 17017426
4518046 336 17016260
4521931 336 17017496
4574952 336 17016024
4798271 336 17016704
4868239 336 17015664
4919368 336 17015557
5019450 336 17015198
5024768 336 17015717
5024768 336 17015729
5024768 336 17015809
5183991 336 17016473
6322767 336 17016379
6336431 336 17015572
6337152 336 17015148
6337152 336 17015226
6341359 336 12459291
6346282 336 17016330
6349976 336 17015706
6352853 336 17006225
6353036 336 17016264
6366232 336 17015706
6390367 336 17015486
6398600 336 17016685
6398975 336 17015491
6411715 336 17015598
6413078 336 17006747
6432294 336 12459401
6432294 336 17004869
6433054 336 17017445
6446811 336 17016735
6451779 336 17015431
6452433 336 17016660
6452601 336 17015503
6475308 336 17016508
6502901 336 17016540
6517115 336 17017047
6520100 336 17016950
6526348 336 17015270
6529133 336 17017236
6530657 336 17015982
6536181 336 17016970
6537185 336 17016854
6541462 336 17016072
6544074 336 17016249
6545034 336 17016410
6545398 336 17015547
6862126 336 17006412
7368784 336 17017146
7441986 336 17015175
7441986 336 17015644
7783535 336 17015946
7784927 336 17016654
7803452 336 17008926
7803452 336 17008927
7819158 336 17015841
7837949 336 17017060
7883576 336 12459291
8392776 336 17016653
8392776 336 17016812
8399674 336 17016904
8422657 336 17015710
9462424 336 12459291
9464948 336 12458240
9470379 336 17006215
9475340 336 17015551
9475340 336 17017212
9475340 336 17017404
9482124 336 17015959
9485031 336 12459291
9485259 336 17017376
9518334 336 12458240
9533046 336 12459291
9554671 336 17008061
9560486 336 12459291
9565065 336 17015284
10165231 336 17016235
10165366 336 17016795
10167521 336 17013787
10170752 336 12459291
10173159 336 17016392
10173729 336 12459291
10174268 336 17016416
10205265 336 17015539
10205446 336 17015794
10205446 336 17016648
10207618 336 17016779
10210357 336 17015229
10216337 336 17017017
10231482 336 17015494
10231690 336 17017332
10231795 336 12458961
10238316 336 17016593
10240124 336 17017333
10240175 336 17005495
10245029 336 10457612
10245553 336 17016572
10266154 336 17007183
10278899 336 17016474
10295113 336 17015702
10301556 336 17017072
10306351 336 17017395
10308292 336 17004774
10309361 336 17017065
10310259 336 17015273
10310292 336 17015648
10310326 336 17015827
10310338 336 17015871
10310349 336 17016043
10310353 336 17015783
10310475 336 17016835
10310479 336 17016760
10310610 336 12459291
10317082 336 17017365
10317534 336 17015761
10323279 336 17015642
10326222 336 17016572
10328733 336 17016410
10329125 336 17016241
10329171 336 17016167
10329729 336 17004774
10330844 336 17016241
10331534 336 17015782
10331850 336 17017354
10332949 336 17016855
10332949 336 17016956
10333517 336 17015181
10335173 336 17015706
10336866 336 17015278
10336869 336 17004774
10337737 336 17016217
10338260 336 17016849
10340615 336 17004870
10341687 336 17017333
10341798 336 17017354
10342747 336 17015901
10343540 336 17015557
10348327 336 17006489
10348327 336 17016214
10349900 336 17015302
10349927 336 17015302
10350064 336 17004774
10350065 336 17004774
10351531 336 17015832
10353374 336 17016217
10355766 336 17016797
10356240 336 17004870
10357311 336 17017354
10362347 336 17017041
10363930 336 17017463
10386330 336 12458688
10392034 336 17016273
10397083 336 17016167
10411219 336 17017498
10415724 336 17015738
10446022 336 17004774
10449167 336 17016537
10451288 336 17016249
10463200 336 17015302
10464656 336 17015777
10465226 336 17016701
10465931 336 17015297
10466209 336 17015852
10466513 336 17016206
10466566 336 12459291
10467032 336 17015935
10467663 336 17016494
10467735 336 12459291
10467804 336 12459291
10468276 336 17015206
10468429 336 17017402
10468480 336 17016444
10468664 336 17016241
10468724 336 17015320
10468724 336 17016675
10469407 336 17011990
10469408 336 17016272
10469777 336 17004774
10469917 336 12459291
10469983 336 12459291
10469996 336 17017454
10470102 336 17017040
10470158 336 17017430
10470183 336 17016241
10470301 336 17016201
10470516 336 17015987
10470667 336 17016955
10470667 336 17016967
10470822 336 17016151
10471252 336 17016770
10471401 336 17016410
10471529 336 17017538
10471752 336 17016643
10471777 336 17017484
10471808 336 17015436
10471809 336 17015435
10471945 336 17017543
10472047 336 17017128
10472081 336 17015949
10472415 336 17016615
10480989 336 17016901
10484201 336 12459291
10484603 336 17016874
10484904 336 17015744
10484928 336 17016673
10484928 336 17017449
10484938 336 17006225
10484980 336 12459291
10485270 336 12459291
10487082 336 17004755
10487255 336 12459291
10493115 336 17016914
10494232 336 17015955
10494341 336 12459291
10495057 336 17016695
10495099 336 17016652
10495115 336 17017044
10495336 336 17016395
10495390 336 17016828
10496579 336 17015169
10497085 336 17015255
10497328 336 17017172
10511236 336 17016259
10589454 336 17015163
10589463 336 12458389
10589463 336 17006215
10589463 336 17007550
10589463 336 17011038
10589463 336 17017462
10589477 336 17016427
10589482 336 17016857
10589492 336 17017497
10589495 336 10457467
10589495 336 17015537
10589495 336 17015807
10589495 336 17016453
10589495 336 17016976
10589593 336 12459291
10589597 336 17017144
10589800 336 17015720
10590008 336 17015473
10590141 336 17015358
10591446 336 17017192
10683471 336 12459291
10862512 336 12459291
10862553 336 17016046
10862577 336 17016534
10862952 336 17008813
10863002 336 17017083
10863032 336 17004755
10863270 336 17017441
10863912 336 17009431
10864082 336 17004845
10867214 336 17015678
10867647 336 17016881
10870029 336 17004755
10870121 336 17016351
10870274 336 17017346
10870717 336 17017028
10870732 336 17006295
10870748 336 17016859
10870791 336 17016861
10870854 336 17015813
10870854 336 17015824
10871130 336 17015550
10871386 336 10457303
10871579 336 17009519
10871708 336 17017130
10871906 336 12458961
10872183 336 17016491
10872294 336 17016128
10876872 336 17016860
10878491 336 17013198
10881606 336 17015747
10883160 336 17015154
10884132 336 17012211
11342239 336 12459291
11342939 336 12459291
11343226 336 17005475
11343267 336 12459291
11343310 336 17016147
11343495 336 12459291
11348301 336 12459291
11348301 336 17015723
11348301 336 17015808
11348301 336 17015890
11348347 336 17015985
11348350 336 17015243
11348356 336 17015552
11348408 336 17015154
11348428 336 17016570
11348444 336 17009558
11348444 336 17016123
11349276 336 12459291
11349803 336 17015569
11349820 336 17013443
11350362 336 17015531
11350363 336 17016027
11351066 336 17017460
11439197 336 17015468
11439222 336 17016208
11441186 336 17015650
11441269 336 17016065
11441447 336 17016846
11442943 336 12459291
11442999 336 10457748
11443052 336 12459291
11443079 336 17015681
11443082 336 12459291
11443084 336 12459291
11443177 336 12459291
11443182 336 12459291
11443406 336 17016147
11443555 336 12459291
11443555 336 17016636
11443892 336 12459291
11443911 336 17015275
11443928 336 17017378
11443948 336 12459291
11443948 336 17013787
11444268 336 17015199
11445778 336 17016746
11446119 336 17015982
11446265 336 17013852
11446502 336 17016371
11446507 336 17015164
11446514 336 17016533
11446514 336 17016892
11446515 336 12459291
11446562 336 17015196
11446576 336 17016249
11446584 336 17016811
11446592 336 12459291
11446592 336 17015859
11446592 336 17016326
11446862 336 17017074
11447496 336 17013787
11489343 336 12459291
11505591 336 17017176
11530891 336 12458863
11566731 336 17017161
11606342 336 17016401
11636802 336 17013102
11706567 336 17015159
11711517 336 17015790
11711652 336 12459291
11732543 336 17015437
11803633 336 12459291
11804204 336 12459291
11811161 336 12459291
11829461 336 17015299
11832694 336 17004755
11833180 336 17015302
11834529 336 17016507
11834613 336 17017365
11835447 336 17017190
11838257 336 17012191
11839254 336 17015796
11840915 336 17015199
11840977 336 12458688
11840977 336 17015682
11840978 336 17010146
11842622 336 17015355
11843703 336 17015276
11843861 336 17009507
11845329 336 17016994
11850142 336 17017329
11851441 336 17016241
11852469 336 17017211
11852649 336 17016521
11854195 336 17016131
11854199 336 17015827
11854583 336 17017426
11857600 336 17016387
11858387 336 17016572
11858643 336 12459291
11858972 336 17015304
11859413 336 12459291
11861791 336 12459291
11861792 336 12459291
11861932 336 17017420
11866699 336 17015409
11867910 336 17015743
11869062 336 17015195
11870251 336 17016479
11873111 336 17017062
11875140 336 17016505
11875140 336 17016866
11876885 336 12459291
11876890 336 17016081
11876891 336 17015504
11877324 336 17016858
11877325 336 17015992
11877326 336 17007554
11877460 336 17016604
11877608 336 17015199
11880879 336 17015954
11881388 336 17017111
11882035 336 17016188
11883826 336 17016249
11886226 336 12459291
11887402 336 17017499
11890598 336 17015156
11890848 336 17017527
11896391 336 17015181
11897105 336 17016285
11897500 336 17017354
11898136 336 17015702
11898422 336 17015290
11899517 336 17016167
11903265 336 17016079
11903265 336 17016969
11903412 336 17004774
11903439 336 17017332
11903578 336 12459273
11904961 336 17016724
11904961 336 17017160
11904965 336 17016572
11905181 336 17016489
11905181 336 17016851
11905937 336 17015524
11905937 336 17016822
11906006 336 17016833
11906168 336 17006935
11908348 336 12459291
11913636 336 17016451
11914042 336 17016185
11914212 336 12459291
11914634 336 17016889
11914965 336 17015507
11917336 336 17009282
11918464 336 17009064
11925417 336 17015747
11926456 336 17006063
11927124 336 17016527
11933966 336 17015477
11933971 336 17016682
11935460 336 17015477
12018456 336 12459291
12066925 336 17016630
12068472 336 12459291
12075157 336 12459291
12119508 336 17017200
12157090 336 17015696
12157646 336 17016433
12157763 336 17016204
12158484 336 17015718
12166892 336 17017365
12167228 336 17016658
12168753 336 17016397
12170981 336 17016241
12171288 336 17012191
12172800 336 17016084
12172932 336 17016193
12217454 336 17015249
12222045 336 17004774
12227115 336 17016452
12229307 336 17016217
12231278 336 17015199
12231454 336 17009958
12233446 336 17016050
12235894 336 17016709
12236926 336 17015598
12238746 336 17012191
12239412 336 17016129
12240869 336 17016597
12244150 336 17016223
12247211 336 12459291
12247506 336 17008926
12444653 336 17015530
12444824 336 17015952
12444873 336 17015472
12444972 336 17016327
12445019 336 17016998
12445022 336 17016525
12445026 336 12459291
12445227 336 17007550
12445327 336 17017035
12445569 336 17016998
12445631 336 17016899
12446060 336 17017396
12446062 336 17017396
12446065 336 17016829
12446068 336 17015466
12446078 336 17016769
12446090 336 17016327
12446093 336 17011805
12446096 336 17015494
12446099 336 17015811
12446101 336 17016623
12446101 336 17016625
12446104 336 17009282
12446108 336 17015165
12446110 336 17015661
12446111 336 17015165
12446126 336 17011374
12446128 336 17004845
12446141 336 17016920
12446170 336 17015046
12446292 336 17016440
12446324 336 17011805
12446543 336 17015257
12446870 336 10457776
12447266 336 12459291
12447267 336 12459291
12447298 336 17016131
12447410 336 17016535
12447612 336 17011805
12447702 336 17015974
12448325 336 17016911
12448463 336 12459291
12448909 336 17017345
12449108 336 12459291
12449274 336 17011016
12449476 336 12459291
12449478 336 12459291
12449602 336 17015668
12449653 336 17016207
12449726 336 17015890
12449757 336 17016130
12449851 336 17017491
12449852 336 17017120
12449858 336 17009282
12449859 336 17016910
12449867 336 17004845
12449893 336 17017191
12449924 336 17016535
12449928 336 17017227
12449928 336 17017228
12449957 336 17009282
12450141 336 17016885
12450148 336 17016465
12450153 336 17017510
12450157 336 17017396
12450171 336 17015289
12450206 336 12459291
12450224 336 17015693
12450238 336 12459291
12450259 336 17015543
12450271 336 17015541
12450299 336 17015733
12450307 336 17016754
12450555 336 17016161
12450564 336 17015418
12450569 336 17017491
12450611 336 17017332
12450703 336 12459291
12450719 336 17016769
12450822 336 17016903
12450864 336 17015494
12451169 336 12459291
12451176 336 17009282
12451192 336 17017180
12451244 336 17015900
12451261 336 17015246
12451263 336 17016651
12451265 336 17015146
12451265 336 17015279
12451271 336 17017458
12451388 336 17009282
12451405 336 17015494
12451783 336 17016928
12452037 336 17007550
12452057 336 17017332
12452073 336 17015823
12452079 336 17009282
12452091 336 17015499
12452093 336 17015640
12452096 336 17011374
12452098 336 17015467
12452100 336 17016569
12452101 336 17015936
12452163 336 17015665
12452192 336 17016108
12452211 336 17007550
12452213 336 17015683
12452223 336 17017332
12452295 336 17015371
12452318 336 17015661
12452320 336 17017229
12452322 336 17016796
12452337 336 17015823
12452364 336 17015285
12452371 336 17015890
12452393 336 17015280
12452407 336 17004845
12452443 336 17015211
12452499 336 17004798
12452503 336 17015665
12452508 336 17015286
12452516 336 17016895
12452522 336 17015478
12452535 336 17017345
12452538 336 17017327
12452575 336 17013560
12452584 336 17016074
12452585 336 17017229
12452588 336 17016098
12452607 336 17017326
12452609 336 17015494
12452610 336 17015346
12452619 336 17015641
12452620 336 17017050
12452627 336 17016075
12452641 336 17016826
12452652 336 10457303
12452658 336 17016670
12452684 336 17015872
12452695 336 17016111
12452698 336 17005935
12452729 336 17011805
12452730 336 17015823
12452731 336 17016131
12452732 336 17015389
12452733 336 17016947
12452739 336 17015489
12452742 336 17015165
12452753 336 17016899
12452776 336 10457303
12452783 336 17015472
12452790 336 17015377
12452818 336 17009282
12452821 336 17015146
12452838 336 17016110
12452844 336 17006406
12452846 336 17009282
12452846 336 17015452
12452857 336 17016088
12452859 336 17017491
12452890 336 12458552
12452917 336 17016600
12452940 336 17009282
12452961 336 17016012
12452962 336 17009282
12452972 336 17009282
12452981 336 17007550
12452993 336 17016070
12453027 336 17015823
12453029 336 17017332
12453031 336 17009282
12453031 336 17015494
12453033 336 17015661
12453492 336 17017120
12453507 336 17009282
12453509 336 17016754
12453518 336 17017474
12453522 336 10457866
12453542 336 17009282
12453546 336 17015280
12453555 336 17017476
12453564 336 17016088
12453571 336 17016440
12453631 336 17009282
12453638 336 17016187
12453649 336 17017120
12453650 336 17015212
12453650 336 17016470
12453668 336 17016769
12453675 336 17015665
12453676 336 17016885
12453693 336 17017229
12453697 336 17009282
12453702 336 17016651
12453788 336 17017149
12453815 336 17015554
12453828 336 17007550
12453833 336 17016075
12453867 336 17009282
12453876 336 17015823
12453911 336 17015741
12453918 336 17015683
12453936 336 17015286
12453978 336 17016402
12454240 336 17015823
12454261 336 17015661
12454262 336 17011569
12454328 336 17017197
12454331 336 17015494
12454341 336 17015950
12454346 336 12459291
12454346 336 17009282
12454346 336 17016075
12454355 336 17016189
12454365 336 17015823
12454366 336 17016947
12454457 336 17009282
12454472 336 17017332
12454487 336 17017542
12454494 336 17015815
12454542 336 17017377
12454635 336 17015530
12454642 336 17017491
12454646 336 17015890
12454657 336 17017432
12454668 336 17017120
12454672 336 17016900
12454692 336 17009282
12454700 336 17016754
12454773 336 17017439
12454813 336 17016430
12454831 336 17016769
12454832 336 17015494
12454835 336 17016651
12454840 336 17007550
12454905 336 17016875
12454923 336 17015676
12454925 336 17017508
12454930 336 17015466
12454936 336 17004755
12454956 336 17016440
12455161 336 17017332
12455214 336 17017114
12455233 336 17017019
12455245 336 17017491
12455264 336 17007550
12455277 336 17015415
12455310 336 17015529
12455350 336 17016526
12455367 336 17015494
12455372 336 17015530
12455373 336 17016122
12455375 336 17015591
12455379 336 17015950
12455380 336 17009282
12455402 336 17017491
12455404 336 17015643
12455405 336 17016111
12455463 336 17016769
12455479 336 17016189
12455481 336 17016903
12455500 336 17009282
12455502 336 17017491
12455503 336 17017491
12455516 336 17016671
12455525 336 17016075
12455531 336 17004845
12455595 336 17004755
12455604 336 12459291
12455723 336 17016891
12455729 336 17015815
12455731 336 17015165
12455774 336 17015536
12455776 336 17016775
12455782 336 17016990
12455791 336 17015494
12455812 336 17015494
12455813 336 17015952
12455817 336 17017458
12455826 336 17015823
12455830 336 17015657
12455835 336 17015286
12455885 336 17009282
12455963 336 17015536
12455987 336 17016912
12455990 336 17009282
12455991 336 17015303
12455993 336 17015823
12455996 336 17015428
12455997 336 17016023
12456000 336 17015452
12456002 336 17007550
12456003 336 17017509
12456039 336 17017129
12456055 336 17016375
12456072 336 17016903
12456080 336 10457513
12456081 336 17009282
12456084 336 17017003
12456149 336 17016958
12456206 336 17016131
12456221 336 17016920
12456245 336 17004798
12456287 336 17017029
12456331 336 17010374
12456562 336 17011733
12456579 336 17009282
12456585 336 17017030
12456586 336 17015640
12456590 336 17015389
12456594 336 17015872
12456596 336 17016903
12456637 336 17015661
12456661 336 17009282
12456669 336 17016907
12456671 336 17009282
12456686 336 17004845
12456693 336 17013342
12456704 336 17016725
12456750 336 17017491
12456751 336 17015165
12456753 336 17016458
12456776 336 17009282
12456790 336 17009282
12456791 336 17017332
12456802 336 17016765
12456823 336 17015870
12456824 336 17017076
12456826 336 17015788
12456844 336 17015483
12456853 336 17017029
12456877 336 17016754
12456889 336 17016769
12456890 336 17017510
12456893 336 17016375
12456896 336 17016088
12456897 336 17015958
12456899 336 17016750
12456902 336 17016545
12456903 336 17015499
12456921 336 17017440
12456931 336 17015466
12456932 336 17009282
12456932 336 17016440
12456947 336 17015911
12456954 336 17015661
12456982 336 17009282
12457017 336 17016480
12457021 336 17016832
12457040 336 17017142
12457046 336 17015361
12457061 336 17015890
12457061 336 17016419
12457073 336 17017390
12457076 336 17009282
12457078 336 17016400
12457080 336 17007550
12457081 336 17016832
12457082 336 17009282
12457093 336 17015823
12457108 336 17015389
12457502 336 17017120
12457569 336 12459291
12457650 336 17016671
12457686 336 17016131
12457919 336 17016769
12457938 336 17016920
12475120 336 17016746
12520877 336 17017347
12527514 336 17004798
12537536 336 17017359
12538267 336 17015259
12538953 336 17015641
12543471 336 17015381
12545217 336 17016998
12545281 336 17017491
12545461 336 12459291
12546078 336 17004845
12549097 336 17015478
12550068 336 17015302
12551181 336 17016402
12599956 336 12459291
12599956 336 17004755
12599956 336 17015760
12601260 336 17015874
12601549 336 17016186
12601986 336 17009101
12602806 336 17009519
12604594 336 17004870
12604803 336 17015828
12605063 336 17015307
12605109 336 17015627
12605665 336 17017087
12605805 336 17017144
12605929 336 17015158
12606425 336 17017096
12606483 336 17016909
12606687 336 17015998
12606879 336 17016190
12607762 336 17015782
12608544 336 17016527
12609524 336 17015782
12610009 336 17015479
12610488 336 12459291
12611341 336 17017399
12611809 336 12459291
12611809 336 17016339
12612230 336 17015516
12612865 336 17015706
12613126 336 17016487
12613236 336 17016490
12613296 336 17015774
12613436 336 17009064
12614223 336 10457905
12614223 336 17013978
12614228 336 17015557
12614264 336 17015625
12614512 336 17012191
12614806 336 17004774
12615170 336 12459291
12615482 336 10457844
12615482 336 17008737
12615482 336 17016234
12615482 336 17016239
12615637 336 17015747
12615769 336 17006509
12616449 336 17016020
12617148 336 17015458
12620056 336 17015181
12620056 336 17015421
12621505 336 17012213
12622150 336 17016767
12622582 336 17014928
12625317 336 17017078
12625759 336 17016278
12627811 336 12459169
12627811 336 17016065
12630180 336 17016217
12630560 336 17006225
12631116 336 17017354
12631490 336 17016249
12631558 336 17015178
12631562 336 17016167
12631771 336 17016272
12633306 336 17016044
12639436 336 17011286
12640904 336 17016986
12641851 336 12459291
12641851 336 17010387
12641851 336 17015155
12641851 336 17015194
12642468 336 17010373
12642469 336 17015988
12644109 336 17016068
12646267 336 17016194
12646577 336 12459291
12659685 336 17016801
12659690 336 17016502
12662241 336 17005984
12663288 336 17015799
12668777 336 17016249
12669925 336 17016227
12670840 336 17004774
12673398 336 17015966
12673769 336 17004774
12674347 336 10457303
12675558 336 17009552
12676107 336 17016344
12676230 336 17016236
12677060 336 17015504
12679410 336 17015927
12685314 336 17015633
12685314 336 17016076
12685314 336 17016294
12685314 336 17016856
12685367 336 17003468
12823818 336 17017199
13612483 336 17016987
13613020 336 12459291
13613432 336 12459291
13613756 336 17004845
13613757 336 12459291
13613758 336 17017150
13620062 336 17016039
13624031 336 12459291
13629795 336 10457299
13662862 336 17016572
13747839 336 17017210
13762385 336 12459092
13836598 336 17016827
13881824 336 17015940
14273982 336 17017359
14277431 336 17016572
14278347 336 12459291
14278347 336 17017169
14279095 336 17016654
14283161 336 17015553
14283847 336 12459291
14283847 336 17015525
14283847 336 17016459
14286683 336 12459291
14286683 336 17015161
14286683 336 17017216
14287956 336 17015843
14287956 336 17016650
14287956 336 17016654
14287956 336 17016894
14288359 336 12459291
14288359 336 17016513
14288711 336 17016629
14289871 336 10452331
14289871 336 17015832
14289871 336 17016638
14289871 336 17017148
14290013 336 17015713
14291510 336 17016970
14295397 336 17006581
14296086 336 17004774
14296601 336 12459291
14302926 336 17017427
14303678 336 17016167
14306290 336 12459291
14306531 336 17015968
14306531 336 17016135
14306531 336 17016136
14306531 336 17016137
14309886 336 17015199
14310102 336 17015439
14310102 336 17015440
14310102 336 17015544
14356141 336 17011565
14356512 336 17017113
14372004 336 17016902
14384129 336 17012846
14426117 336 17004774
14558069 336 10457303
14563597 336 17017179
14569421 336 12459291
14575803 336 17016726
14577134 336 12459291
14578265 336 17016299
14602081 336 17016523
14602356 336 17016572
14604318 336 17017400
14740031 336 17016188
14816126 336 17016777
14820421 336 17015179
14820568 336 17016413
14820656 336 17015753
14821623 336 17017068
14824316 336 17013787
14826313 336 17016249
14827975 336 17004774
14828700 336 17015701
14828713 336 17008737
14833489 336 17016791
14833689 336 17016241
14835685 336 17004774
14837932 336 17017164
14839621 336 17015832
14849929 336 17004774
14850312 336 17015302
14853002 336 12459291
14853037 336 17004774
14853046 336 17015287
14853046 336 17015412
14853046 336 17015445
14853547 336 17015479
14854002 336 17016241
14862958 336 17017365
14864542 336 17012191
14864790 336 17015427
14922254 336 17016616
14922654 336 17006063
14925744 336 17016552
14926084 336 17015215
14928386 336 17015877
14976687 336 17016729
14976871 336 17009503
14977165 336 17015224
14977412 336 17015539
14977868 336 17016738
14978780 336 17017206
14978861 336 17015424
14978861 336 17016991
14978862 336 17015213
14978863 336 17016995
14978954 336 17015213
14988064 336 17015438
14988792 336 17016770
14991654 336 17013787
14992135 336 17013787
14992250 336 17008636
14992250 336 17016494
14992650 336 12459291
14992744 336 17013787
14994597 336 17008636
14995791 336 17016484
14996616 336 17015912
14996616 336 17015913
14999968 336 17015220
15004561 336 17006412
15006680 336 17015939
15006680 336 17016241
15006699 336 17015347
15006712 336 17016284
15006717 336 17016496
15006719 336 17004774
15006723 336 17015706
15006725 336 17016696
15006729 336 17016065
15006730 336 17016241
15006730 336 17016249
15006731 336 17016283
15006733 336 17016167
15006733 336 17016184
15006734 336 17016285
15006736 336 17016167
15006739 336 17016562
15006745 336 17015747
15006748 336 17017354
15006749 336 17017354
15006750 336 17017354
15006754 336 17017497
15006755 336 17015347
15006764 336 17017337
15007023 336 17004774
15007025 336 17004774
15007025 336 17013834
15007036 336 17008986
15007038 336 17017354
15010856 336 17015199
15010856 336 17015784
15010856 336 17016594
15010905 336 17016923
15010917 336 17017365
15010927 336 17015756
15010936 336 17015932
15010974 336 17016241
15010985 336 17015706
15010997 336 17016249
15010998 336 17016241
15010999 336 17016249
15011007 336 17008986
15011010 336 17017354
15011011 336 17017365
15011012 336 17004774
15011012 336 17015347
15011013 336 17015347
15011200 336 17016249
15011224 336 17017365
15011657 336 17016249
15011683 336 17016249
15011686 336 17016241
15011690 336 17004774
15011691 336 17004774
15011701 336 17015557
15011747 336 17015937
15011791 336 17016876
15011870 336 17016572
15011872 336 17017365
15011874 336 17004774
15011875 336 17016572
15011878 336 17016572
15011960 336 17015598
15011963 336 17004870
15014083 336 17006412
15014083 336 17016654
15014993 336 17016503
15030545 336 17016572
15030547 336 17015498
15030547 336 17015705
15032029 336 17015920
15033115 336 17017493
15038873 336 17004406
15054375 336 17017448
15096054 336 17016268
15096792 336 17016241
15096793 336 17016249
15097890 336 17015984
15100372 336 17015193
15105540 336 17017354
15105541 336 17017354
15105547 336 17004774
15105548 336 17004774
15105549 336 17004870
15105551 336 17015557
15105552 336 17015557
15105557 336 17015832
15105558 336 17015832
15105563 336 17016241
15105564 336 17016249
15105568 336 17016572
15105587 336 17017354
15105809 336 17017497
15105813 336 17004774
15105821 336 17014924
15105822 336 17015589
15105826 336 17015199
15105827 336 17015745
15105828 336 17016241
15105829 336 17016249
15105842 336 17004870
15106033 336 17016527
15106091 336 17016704
15106452 336 17017354
15108169 336 17016211
15108569 336 17016273
15108570 336 17016472
15108571 336 17015485
15108576 336 17015557
15108577 336 17004774
15108579 336 17015920
15108956 336 17016719
15109579 336 17009064
15109579 336 17016362
15109650 336 17016428
15109684 336 17016304
15109691 336 17015598
15109728 336 17015832
15110901 336 17016572
15110920 336 17015965
15110920 336 17017073
15110976 336 17016514
15111049 336 17016249
15111084 336 17016549
15111186 336 17017152
15111196 336 17016339
15111412 336 17016527
15111424 336 17016572
15112092 336 17015357
15112121 336 17013904
15112125 336 17015848
15112164 336 17016549
15112229 336 17017232
15112284 336 17016220
15112474 336 17012191
15112494 336 17017220
15113269 336 17016943
15113679 336 17004435
15113679 336 17004755
15113679 336 17016539
15113762 336 12459291
15113763 336 12459291
15113764 336 12459291
15113765 336 12459291
15113767 336 12459291
15113771 336 12459291
15113776 336 12459291
15113777 336 12459291
15113779 336 12459291
15115609 336 17015842
15115616 336 17016516
15115617 336 17016271
15117050 336 17016278
15117131 336 17015347
15117397 336 17009064
15117418 336 17015927
15117418 336 17015932
15117866 336 17016232
15121121 336 17017354
15121892 336 17017386
15123729 336 17004774
15124067 336 17016704
15124672 336 17016063
15125031 336 12459291
15125032 336 12459291
15125890 336 17016704
15125892 336 17017359
15126584 336 17016080
15127314 336 17004774
15127489 336 17016572
15127868 336 17016199
15128208 336 17016572
15128209 336 17008986
15128221 336 12459291
15128224 336 17015207
15128226 336 12459291
15128258 336 17016527
15128260 336 17016273
15128284 336 17012211
15128287 336 17015539
15128296 336 17017333
15128339 336 17015719
15129846 336 17012191
15129936 336 17016968
15133112 336 17016878
15134784 336 17017071
15137168 336 17017125
15140078 336 12459291
15140079 336 12459291
15143969 336 17017002
15144147 336 17011093
15144275 336 17016080
15145126 336 17015302
15146817 336 12459291
15146966 336 17004755
15147229 336 17016205
15151211 336 17017531
15151220 336 17015796
15151432 336 17016488
15151432 336 17016494
15168337 336 17015747
15173127 336 17016970
15173127 336 17017032
15175920 336 17016146
15175920 336 17016880
15175921 336 17016211
15175922 336 17017433
15175923 336 17016083
15175924 336 17016471
15175924 336 17016978
15175925 336 17015701
15175925 336 17016045
15175926 336 17016520
15175926 336 17017151
15175927 336 17015926
15176881 336 17008986
15176883 336 17016167
15176885 336 17015875
15177719 336 17016279
15178524 336 17015634
15178577 336 17015948
15178583 336 17016930
15178597 336 17017354
15178599 336 17017354
15178600 336 17016386
15178604 336 17016304
15178609 336 17015360
15178614 336 17012191
15178618 336 17009064
15178623 336 17016217
15178624 336 17015311
15178630 336 17015203
15178635 336 17004774
15178650 336 17017393
15178653 336 17015448
15178685 336 17016815
15178703 336 17015448
15178736 336 17015677
15178753 336 17016549
15178757 336 17016020
15178779 336 17016297
15178783 336 17017354
15178798 336 17017354
15179780 336 17015308
15179782 336 17015932
15179784 336 17017497
15179787 336 17016778
15179788 336 17009519
15179788 336 17016953
15179815 336 17016536
15179825 336 17016815
15179871 336 17015298
15180393 336 17016567
15181400 336 12459291
15185489 336 17013906
15185521 336 17015702
15186771 336 17016937
15186819 336 17015269
15188120 336 17016007
15189006 336 17016527
15189735 336 17016804
15190364 336 17015598
15190697 336 17016950
15191607 336 17017084
15191656 336 12459291
15191656 336 17016727
15191695 336 17017354
15191724 336 17016273
15191889 336 17016931
15192214 336 17017409
15193053 336 12459291
15193237 336 17004774
15193570 336 17016273
15194334 336 17016285
15195784 336 17016909
15195792 336 17004774
15195794 336 17016478
15195795 336 17016801
15195796 336 17015347
15195804 336 17015649
15195811 336 17012191
15195812 336 17004870
15195814 336 17004774
15195818 336 17016065
15195819 336 17017466
15195851 336 17016249
15195866 336 17015620
15195870 336 17015181
15195899 336 17015181
15195900 336 17017110
15195930 336 17004870
15195936 336 17017466
15195938 336 17016249
15195942 336 17016273
15195949 336 17017466
15195952 336 17016314
15195956 336 17016683
15195958 336 17015538
15195965 336 17017525
15195986 336 17004774
15196014 336 17004774
15196020 336 17016217
15196021 336 17015965
15196054 336 17016572
15196062 336 17015982
15196065 336 17016335
15196074 336 17016850
15196086 336 17015796
15196090 336 17015471
15196090 336 17016020
15196091 336 17016572
15196093 336 17016616
15196105 336 17016020
15196110 336 17017152
15196123 336 17017184
15196125 336 17009677
15196126 336 17015845
15196130 336 17017173
15196140 336 17016223
15196141 336 17016313
15196142 336 17016486
15196151 336 17016766
15196158 336 17016225
15196172 336 17017152
15196175 336 17015448
15196180 336 17015706
15196186 336 17004870
15196193 336 17017184
15196193 336 17017185
15196221 336 17017152
15196222 336 17015385
15196224 336 17016937
15196225 336 17016572
15196228 336 17004774
15196235 336 17015626
15196263 336 17015290
15196308 336 17016937
15196310 336 17017152
15196315 336 17016572
15196320 336 17015521
15196324 336 17016297
15196327 336 17015189
15196327 336 17017015
15196330 336 17016953
15196335 336 17016020
15196341 336 17012211
15196353 336 17017069
15196368 336 17015534
15196379 336 17015598
15196381 336 17015199
15196395 336 17015706
15196455 336 12459291
15197646 336 17015598
15197662 336 17015845
15198525 336 17015932
15198663 336 17004774
15199278 336 17004774
15200151 336 17017198
15201294 336 17016572
15201294 336 17017402
15201382 336 17016065
15202197 336 17016704
15203671 336 17015932
15203712 336 17017164
15203746 336 17016167
15203805 336 17016435
15204124 336 17016646
15205231 336 17015747
15205552 336 17016923
15205944 336 17017354
15205957 336 17016909
15206941 336 17016167
15206957 336 17016167
15207014 336 17016794
15207100 336 17017184
15207122 336 17017497
15207208 336 17006063
15207428 336 17013834
15207696 336 17015313
15207700 336 17004870
15207818 336 17016565
15207951 336 17016167
15208196 336 17004774
15209498 336 17004870
15209970 336 17016771
15211265 336 17017365
15211334 336 17016167
15211570 336 17016241
15213104 336 17016771
15213148 336 17016167
15213148 336 17016184
15213165 336 17016984
15214444 336 17015747
15214531 336 17015308
15214859 336 17004869
15214910 336 17004870
15215311 336 17015728
15215321 336 17015782
15215653 336 17016637
15215653 336 17016638
15215751 336 17016970
15216425 336 17016167
15216954 336 17015181
15216996 336 17015311
15216997 336 17015313
15219048 336 10457299
15219214 336 17017365
15219317 336 17016313
15219719 336 17004870
15219719 336 17015385
15219719 336 17015873
15219924 336 17016238
15219982 336 17016776
15220896 336 17016199
15220928 336 17009677
15221169 336 17015189
15221634 336 17016970
15221645 336 17012211
15221663 336 17017173
15221672 336 17013691
15221714 336 17017466
15222134 336 17016782
15223492 336 17004774
15223778 336 17015539
15224117 336 17016572
15224154 336 17016776
15224223 336 17017187
15224240 336 17017354
15224244 336 17017364
15224245 336 17017365
15226640 336 17004774
15226766 336 17015706
15226980 336 17017498
15227011 336 17016241
15227407 336 17016937
15228909 336 17004774
15229049 336 17017152
15229265 336 17015199
15229308 336 17004774
15229310 336 17004870
15229850 336 17017152
15229853 336 17017173
15231757 336 17009064
15231780 336 17009510
15231915 336 17016970
15231949 336 17017152
15231953 336 17017177
15233720 336 17016231
15233964 336 17017186
15234517 336 17016335
15234525 336 17008986
15234723 336 17016771
15234906 336 17017354
15235849 336 17016270
15237144 336 17016572
15237679 336 17015721
15237697 336 12459291
15237925 336 17016297
15237961 336 17016335
15238787 336 17016527
15240217 336 17015847
15240856 336 17015827
15240866 336 17016452
15240868 336 17015311
15241402 336 17016709
15242456 336 17016953
15242469 336 17016704
15242494 336 17015189
15243369 336 17017026
15244320 336 17015598
15244424 336 17017173
15245102 336 17017455
15245420 336 17016771
15245818 336 17016549
15246564 336 17017188
15246564 336 17017189
15247035 336 17015448
15248248 336 17016278
15248385 336 17016495
15249857 336 17016302
15251453 336 12459291
15251453 336 17016718
15251453 336 17017224
15251486 336 17016791
15251514 336 17017459
15251644 336 17016572
15253385 336 17015535
15253880 336 17015977
15254278 336 12459291
15254441 336 17016454
15254557 336 17015189
15255072 336 17016191
15255114 336 17016273
15255831 336 17016232
15256142 336 17016232
15257163 336 17016704
15257885 336 17015598
15257938 336 17006063
15258534 336 17016696
15258632 336 17016953
15259995 336 17008737
15263073 336 17015484
15263681 336 17016877
15268368 336 17015706
15270444 336 17015317
15270444 336 17016482
15270444 336 17017241
15270611 336 17016064
15271498 336 17010191
15271498 336 17016594
15272327 336 17004870
15272340 336 12459291
15272340 336 17015827
15272340 336 17016821
15273246 336 17017143
15277585 336 17017056
15278482 336 12459291
15278501 336 12459291
15278618 336 12459291
15280310 336 12459291
15281632 336 17016020
15283046 336 17015832
15284288 336 17016596
15285030 336 17016587
15287061 336 17016272
15287107 336 17017226
15287437 336 17015827
15288545 336 17016475
15289006 336 17004693
15292279 336 17017340
15294376 336 10457303
15296279 336 17016124
15296589 336 12459291
15296596 336 17017465
15296621 336 17017511
15297022 336 17008637
15297324 336 17016572
15297466 336 12459291
15297466 336 17004435
15299815 336 17015614
15299868 336 17015177
15300064 336 17015410
15301528 336 17017102
15302017 336 12459291
15302292 336 12459291
15302292 336 17015546
15302292 336 17015656
15302292 336 17016536
15305308 336 12459291
15305826 336 12459291
15306114 336 12459291
15306675 336 12459291
15307280 336 17016959
15308708 336 17013834
15308711 336 17016396
15308821 336 17016898
15310024 336 17015302
15310704 336 17016010
15311342 336 17017061
15328628 336 12459291
15333948 336 17015189
15445779 336 17015993
15465812 336 17006412
15472898 336 17016676
15474074 336 17016090
15550665 336 17016391
15585341 336 17016062
15632594 336 17016311
15632594 336 17016890
15794482 336 12459291
15794560 336 17016570
15796330 336 17013443
15798162 336 17015145
15801967 336 17015890
15805021 336 17017116
15811225 336 17016483
15811511 336 12459291
15812790 336 12459291
15837715 336 17015301
15841066 336 17017405
15856415 336 17011805
15856427 336 17009431
15856436 336 10457664
15856436 336 17011805
15856447 336 17016485
15856452 336 17013373
15856454 336 10457528
15856456 336 17016927
15856458 336 17015869
15856460 336 10457664
15856462 336 17010405
15858707 336 17016457
15858724 336 17016360
15898821 336 17017365
15899096 336 17016073
15911110 336 17009295
15916416 336 17017354
15916862 336 17017365
15918263 336 17016273
15928645 336 17016071
15929993 336 17015971
15939748 336 12459291
15949114 336 12458961
15949114 336 17006109
15949114 336 17015711
15949114 336 17015712
15949114 336 17017426
15949657 336 17016654
15951527 336 17004774
15951598 336 17015463
15951652 336 17016472
15951669 336 17015271
15952699 336 17015557
15953764 336 17016273
15965549 336 12459291
15965549 336 17015369
15973936 336 17016704
15985115 336 17015385
15986141 336 17004870
15986425 336 17015502
15987308 336 17016662
15989580 336 10457549
15989580 336 17015262
15989580 336 17017384
15990181 336 17004870
15992746 336 17017152
15993997 336 17004870
15998921 336 17016112
16002364 336 17012191
16007573 336 17016039
16007582 336 17016279
16011139 336 17009375
16171569 336 17017222
16171960 336 17016639
16204199 336 17013787
16205629 336 17017110
16205720 336 12459291
16205751 336 17015363
16205962 336 17017073
16205965 336 17015897
16209702 336 17015469
16214832 336 17012001
16222729 336 17015523
16232188 336 17016031
16234953 336 12459291
16236793 336 12459291
16240559 336 17017408
16255677 336 17009282
16258057 336 17015609
16265264 336 12459249
16271622 336 12459249
16271851 336 12459249
16300171 336 17009725
16301045 336 17015649
16309837 336 17006581
16323147 336 17016241
16324467 336 17016364
16324467 336 17017155
16324467 336 17017472
16324951 336 17015981
16325523 336 17016642
16326227 336 17016807
16326648 336 17016249
16326783 336 17016112
16327022 336 17016069
16327625 336 17004774
16328337 336 17015384
16331322 336 17016888
16332993 336 17016834
16333380 336 17015801
16334704 336 17016115
16335010 336 17015688
16336307 336 17017513
16336330 336 17012608
16336335 336 17004845
16336336 336 17009353
16337788 336 17016058
16338452 336 12459291
16338812 336 17016510
16338880 336 12459291
16338880 336 17015236
16338977 336 17015608
16339125 336 12459291
16339729 336 17016609
16339767 336 17017354
16340912 336 17017181
16341031 336 17004774
16341813 336 17015978
16342124 336 17015646
16342958 336 17016599
16343383 336 17015568
16344503 336 17016966
16344687 336 17016164
16344687 336 17016423
16345052 336 12458688
16346893 336 17016983
16347020 336 17015774
16347171 336 17015417
16347891 336 17016835
16348694 336 17016950
16350749 336 17015579
16362009 336 17017171
16362523 336 17015441
16395697 336 17016383
16395744 336 17015789
16398407 336 17015610
16411047 336 17016439
16411057 336 17016634
16414406 336 17017392
16421974 336 17004870
16425911 336 17017337
16428479 336 17016989
16428480 336 17017354
16428545 336 17013787
16428863 336 17004870
16429514 336 17004870
16431280 336 12459291
16431280 336 17009569
16432081 336 17016140
16432288 336 17015545
16432290 336 17016237
16465192 336 17016368
16479329 336 17009064
16506062 336 12459291
16559353 336 17016042
16574332 336 17016633
16810783 336 17015150
16810783 336 17016263
16822212 336 17017203
16824001 336 17004774
16824002 336 17007302
16824002 336 17015204
16827642 336 17016932
16828080 336 17017364
16828378 336 17016631
16828752 336 17015896
16829843 336 17015189
16830150 336 17017394
16830195 336 17009101
16833869 336 17016568
16833888 336 17016184
16833891 336 17017479
16835682 336 17015614
16835998 336 17017317
16836546 336 17015631
16836749 336 12459291
16836857 336 17008166
16836858 336 17016896
16836859 336 17015888
16836860 336 17017385
16838719 336 17015479
16838722 336 17016989
16838724 336 17016760
16838749 336 17016273
16838753 336 17016914
16838758 336 17016167
16838766 336 17016308
16838769 336 17015857
16838769 336 17016524
16840393 336 17016494
16840393 336 17016536
16841507 336 17017031
16842547 336 17015288
16842552 336 17016487
16842803 336 17016690
16842805 336 17016167
16843364 336 17017481
16844538 336 12459291
16844538 336 17003948
16844538 336 17009519
16844538 336 17011687
16844538 336 17015704
16844538 336 17015956
16844538 336 17016355
16844538 336 17016481
16844538 336 17016717
16844538 336 17017473
16844766 336 12459291
16846285 336 17017070
16846288 336 17016595
16851582 336 17013787
16853441 336 17013787
16866968 336 17016273
17006826 336 17015867
17007968 336 10457303
17007974 336 17015364
17007976 336 17015994
17007978 336 17016555
17011885 336 17016942
17015152 336 17015151
17015153 336 17015154
17015166 336 17015167
17015171 336 17015172
17015173 336 17015174
17015180 336 17015181
17015182 336 17015181
17015183 336 17015181
17015184 336 17015181
17015185 336 17015181
17015185 336 17015946
17015186 336 17015181
17015187 336 17015181
17015188 336 17015181
17015190 336 17015191
17015197 336 17015196
17015200 336 17015199
17015201 336 17015199
17015202 336 17015199
17015205 336 17015206
17015216 336 17015217
17015218 336 17015219
17015221 336 17015220
17015222 336 17015223
17015227 336 17015228
17015230 336 17015231
17015234 336 17015235
17015238 336 17015239
17015240 336 17015241
17015242 336 10457282
17015244 336 17015245
17015247 336 17015248
17015250 336 17015251
17015250 336 17015256
17015260 336 17015261
17015265 336 17015266
17015282 336 17015281
17015283 336 17015281
17015283 336 17016909
17015291 336 17015292
17015291 336 17015654
17015291 336 17016538
17015293 336 17015294
17015296 336 10457292
17015300 336 17004693
17015306 336 17015307
17015309 336 17015310
17015316 336 17004755
17015318 336 17004755
17015318 336 17013443
17015318 336 17015583
17015318 336 17015584
17015319 336 17004755
17015321 336 17004757
17015322 336 12459291
17015322 336 17004757
17015322 336 17016654
17015322 336 17017018
17015322 336 17017160
17015323 336 17004755
17015324 336 17004755
17015325 336 17004755
17015326 336 17004774
17015327 336 17004774
17015328 336 17004774
17015329 336 17004774
17015330 336 17004774
17015331 336 17004774
17015332 336 17004774
17015332 336 17015347
17015333 336 12459291
17015333 336 17004774
17015333 336 17015513
17015333 336 17017443
17015334 336 17004774
17015335 336 17004774
17015336 336 17004774
17015337 336 17004774
17015338 336 17004774
17015338 336 17015347
17015339 336 17004774
17015340 336 17004774
17015341 336 17004774
17015342 336 17004774
17015343 336 17004774
17015344 336 17004774
17015345 336 17004774
17015348 336 17015347
17015349 336 17015347
17015350 336 17015347
17015351 336 17015347
17015352 336 17015347
17015353 336 17015347
17015354 336 17015347
17015356 336 10457631
17015356 336 17015355
17015356 336 17015780
17015356 336 17016654
17015356 336 17017216
17015366 336 17015367
17015368 336 10457303
17015372 336 17015373
17015374 336 17015375
17015378 336 17004845
17015379 336 17004845
17015380 336 17004845
17015382 336 17015383
17015386 336 17004870
17015386 336 17015385
17015386 336 17015639
17015387 336 17015385
17015388 336 17015385
17015390 336 17015391
17015392 336 17004870
17015393 336 17004870
17015394 336 17004870
17015395 336 17004870
17015396 336 17004870
17015397 336 17004870
17015398 336 17004870
17015399 336 17004870
17015400 336 17004870
17015401 336 17004870
17015402 336 17004870
17015403 336 17004870
17015404 336 17004870
17015405 336 17004870
17015406 336 17004870
17015407 336 17004870
17015408 336 17004870
17015411 336 17015412
17015411 336 17015815
17015411 336 17016213
17015413 336 14271766
17015419 336 17015420
17015422 336 17015421
17015423 336 17015421
17015425 336 17015426
17015429 336 17015430
17015432 336 17015433
17015442 336 17015443
17015449 336 17015448
17015450 336 17015451
17015453 336 17015454
17015459 336 17015460
17015464 336 17015465
17015470 336 17015469
17015476 336 17015475
17015480 336 17015479
17015481 336 17015479
17015482 336 17015479
17015487 336 17015488
17015490 336 17005092
17015492 336 17015493
17015496 336 17015497
17015500 336 17015501
17015510 336 17015509
17015511 336 17015512
17015518 336 17015519
17015522 336 17015521
17015526 336 17015527
17015532 336 17015533
17015548 336 17015549
17015548 336 17016654
17015556 336 17005475
17015558 336 17015557
17015559 336 17015557
17015560 336 17015557
17015560 336 17016080
17015561 336 17015557
17015562 336 17015557
17015563 336 17015557
17015564 336 17015557
17015565 336 17015557
17015566 336 17015557
17015570 336 17015571
17015573 336 17015574
17015577 336 17015578
17015581 336 17015582
17015585 336 17015586
17015587 336 17015588
17015592 336 17015593
17015595 336 17015596
17015597 336 17015598
17015599 336 17015598
17015600 336 17015598
17015601 336 17015598
17015602 336 17015598
17015603 336 17015598
17015604 336 17015598
17015605 336 17015598
17015606 336 17015598
17015607 336 17015598
17015612 336 12459291
17015612 336 17015613
17015612 336 17016654
17015615 336 17015614
17015616 336 17015617
17015618 336 17005583
17015622 336 17015623
17015622 336 17015624
17015628 336 17015629
17015635 336 17015636
17015637 336 17005728
17015652 336 17015653
17015659 336 17015660
17015684 336 17015685
17015686 336 17015687
17015686 336 17016697
17015689 336 17015690
17015691 336 17015692
17015694 336 17015695
17015697 336 17015698
17015699 336 17006063
17015700 336 17006063
17015707 336 17015706
17015708 336 17015706
17015709 336 17015706
17015714 336 17015713
17015715 336 17015716
17015725 336 17015726
17015732 336 17015731
17015734 336 17015735
17015736 336 17015737
17015739 336 17015740
17015746 336 17015747
17015748 336 17015747
17015749 336 17015747
17015750 336 17015747
17015751 336 17015747
17015752 336 17006225
17015757 336 17015758
17015763 336 17015764
17015765 336 17015766
17015767 336 17015768
17015770 336 17015771
17015773 336 17015774
17015775 336 17015774
17015776 336 17015774
17015778 336 17015779
17015778 336 17016494
17015785 336 17015786
17015785 336 17016820
17015785 336 17017338
17015785 336 17017339
17015791 336 17015792
17015795 336 12458711
17015795 336 17006401
17015795 336 17015800
17015795 336 17016654
17015795 336 17017139
17015797 336 17015796
17015798 336 17015796
17015802 336 17015803
17015814 336 17006457
17015816 336 17015817
17015818 336 17015819
17015820 336 17015819
17015821 336 17015822
17015825 336 17015826
17015829 336 17015830
17015833 336 17015832
17015834 336 17015832
17015835 336 17015832
17015840 336 17006581
17015846 336 17015845
17015850 336 17015851
17015854 336 12459291
17015854 336 17015855
17015854 336 17016622
17015860 336 17015861
17015862 336 17015863
17015862 336 17015866
17015862 336 17015889
17015864 336 17015865
17015864 336 17015868
17015864 336 17017530
17015879 336 17015880
17015882 336 10457472
17015883 336 17015884
17015885 336 17015886
17015891 336 17007018
17015892 336 17015893
17015894 336 17015895
17015898 336 17015899
17015898 336 17016285
17015903 336 17015904
17015905 336 17015906
17015907 336 17015908
17015909 336 17015910
17015915 336 17015916
17015917 336 17015918
17015921 336 17015920
17015922 336 17015920
17015923 336 17015920
17015924 336 17015920
17015925 336 17015920
17015928 336 17015927
17015928 336 17016937
17015929 336 17015927
17015930 336 17015927
17015931 336 17015932
17015933 336 17015932
17015934 336 17015935
17015934 336 17017516
17015943 336 17007302
17015943 336 17016661
17015961 336 17015960
17015962 336 17015960
17015963 336 17015964
17015969 336 17015970
17015972 336 17015973
17015975 336 17015976
17015983 336 17015982
17015990 336 17015991
17015995 336 17015996
17015997 336 17015996
17015999 336 17016000
17015999 336 17016001
17016002 336 17016003
17016004 336 17016005
17016004 336 17016711
17016008 336 17016009
17016016 336 17016017
17016021 336 17016020
17016028 336 17016029
17016032 336 17007725
17016033 336 17016034
17016035 336 17016034
17016036 336 17016037
17016038 336 12459291
17016038 336 17016039
17016040 336 17016039
17016047 336 17016048
17016051 336 17016052
17016054 336 17016055
17016056 336 17007838
17016057 336 17007838
17016059 336 12459291
17016059 336 17007843
17016059 336 17012391
17016060 336 17016061
17016066 336 17016065
17016067 336 17016068
17016082 336 12458577
17016086 336 17016087
17016092 336 17016093
17016094 336 17016095
17016096 336 17016097
17016100 336 17008132
17016101 336 17016102
17016104 336 17016105
17016106 336 17016105
17016113 336 17016114
17016116 336 17016117
17016119 336 17016120
17016126 336 17016127
17016133 336 17016134
17016138 336 17016139
17016141 336 17016142
17016143 336 17016142
17016144 336 17016142
17016148 336 12459291
17016148 336 17016149
17016150 336 17016151
17016152 336 17016153
17016154 336 17016155
17016157 336 17016158
17016159 336 17016160
17016162 336 17016163
17016165 336 17016166
17016168 336 17016167
17016169 336 17016167
17016170 336 17016167
17016171 336 17016167
17016172 336 17016167
17016173 336 17016167
17016174 336 17016167
17016175 336 17016167
17016176 336 17016167
17016177 336 17016167
17016178 336 17016167
17016179 336 17016167
17016180 336 17016167
17016181 336 17016167
17016181 336 17016184
17016182 336 17016167
17016183 336 17016167
17016192 336 17016191
17016195 336 17016196
17016197 336 17016198
17016202 336 17016203
17016210 336 17016211
17016216 336 17016217
17016218 336 17016219
17016221 336 17016222
17016224 336 17016223
17016226 336 17016225
17016228 336 17016229
17016240 336 17016241
17016242 336 17016241
17016242 336 17016894
17016243 336 17016241
17016244 336 17016241
17016245 336 17016241
17016246 336 17016241
17016247 336 17016241
17016248 336 17016241
17016250 336 17016249
17016251 336 17016249
17016252 336 17016249
17016253 336 17016249
17016254 336 17016249
17016255 336 17016249
17016255 336 17017217
17016256 336 17016249
17016257 336 17016249
17016258 336 17016249
17016258 336 17016601
17016258 336 17016933
17016261 336 17016262
17016269 336 17016268
17016274 336 12459291
17016274 336 17016273
17016275 336 17016273
17016276 336 17016273
17016277 336 17016273
17016281 336 17016282
17016286 336 17016285
17016287 336 17016285
17016288 336 17016285
17016289 336 17016290
17016289 336 17016780
17016292 336 17016293
17016296 336 17016297
17016298 336 17016297
17016300 336 17016301
17016305 336 17016304
17016306 336 17016304
17016307 336 17016304
17016309 336 17016310
17016318 336 17016319
17016320 336 17016321
17016322 336 17016323
17016324 336 17016325
17016328 336 17016329
17016332 336 17016333
17016334 336 17016335
17016336 336 17016335
17016337 336 17016335
17016342 336 17016343
17016345 336 17016346
17016347 336 17008986
17016348 336 17008986
17016349 336 17016350
17016353 336 17016354
17016358 336 17016359
17016361 336 17009064
17016363 336 17009065
17016365 336 17016366
17016367 336 10457589
17016369 336 10457589
17016369 336 17017046
17016370 336 10457589
17016373 336 17016374
17016376 336 17016377
17016381 336 17016382
17016384 336 17016385
17016389 336 17016390
17016393 336 17016394
17016398 336 17016399
17016403 336 17009259
17016407 336 17016408
17016409 336 17016410
17016411 336 17016410
17016412 336 17016410
17016414 336 17016415
17016420 336 17009393
17016421 336 17016422
17016425 336 17016426
17016431 336 17016432
17016437 336 17016438
17016441 336 17016442
17016443 336 17009519
17016445 336 17009519
17016446 336 17009519
17016448 336 17016449
17016460 336 17009553
17016462 336 17016463
17016466 336 12458961
17016466 336 17016467
17016468 336 17016469
17016477 336 17016476
17016492 336 17016493
17016498 336 17016499
17016500 336 17016501
17016511 336 17016512
17016518 336 17016519
17016528 336 17016527
17016529 336 17016527
17016530 336 17016527
17016531 336 17016527
17016532 336 17016527
17016542 336 17016543
17016544 336 17016543
17016544 336 17016654
17016547 336 17016548
17016550 336 17016551
17016553 336 17016554
17016557 336 17016558
17016559 336 17016560
17016563 336 17016562
17016571 336 17016570
17016573 336 17016572
17016574 336 17016572
17016575 336 17016572
17016576 336 17016572
17016577 336 17016572
17016578 336 17016572
17016579 336 17016572
17016580 336 17016572
17016581 336 17016572
17016582 336 17016572
17016583 336 17016572
17016584 336 17016572
17016585 336 17016572
17016586 336 10457866
17016586 336 17016572
17016589 336 17016590
17016591 336 17016592
17016602 336 17016603
17016606 336 17016607
17016608 336 17010228
17016612 336 17016611
17016613 336 17016611
17016617 336 17016616
17016619 336 17016620
17016626 336 17016627
17016628 336 17016629
17016641 336 10456083
17016641 336 12459291
17016641 336 17017053
17016644 336 17016645
17016655 336 17016654
17016656 336 17016654
17016657 336 17010387
17016665 336 17016666
17016668 336 17016669
17016677 336 17016678
17016680 336 17016681
17016687 336 17016688
17016691 336 17016692
17016693 336 17016694
17016698 336 17010573
17016699 336 17016700
17016702 336 17016703
17016706 336 17016707
17016708 336 17016709
17016710 336 17016709
17016714 336 17016715
17016720 336 17016721
17016722 336 17016723
17016730 336 12458948
17016731 336 17010830
17016732 336 17016733
17016736 336 17016737
17016739 336 17016740
17016741 336 17016742
17016743 336 17010905
17016745 336 17010924
17016751 336 17016752
17016757 336 17016758
17016761 336 17016760
17016762 336 17016760
17016763 336 17016764
17016772 336 17016771
17016783 336 17016784
17016785 336 17016786
17016787 336 17012851
17016787 336 17016788
17016789 336 17016790
17016792 336 17016793
17016799 336 17016800
17016802 336 17016801
17016803 336 17016804
17016805 336 17016804
17016808 336 17016807
17016809 336 17016807
17016817 336 17016818
17016823 336 17016824
17016830 336 17016831
17016837 336 17016838
17016839 336 17016840
17016841 336 17016842
17016844 336 17016845
17016852 336 17016853
17016862 336 17016863
17016864 336 17016865
17016869 336 17016870
17016871 336 17011576
17016872 336 17011576
17016873 336 12459291
17016873 336 17011581
17016873 336 17017464
17016883 336 17016884
17016886 336 17016887
17016905 336 17016904
17016913 336 17011805
17016915 336 17016914
17016916 336 17016914
17016917 336 17016914
17016918 336 17016914
17016919 336 17011805
17016921 336 17016920
17016925 336 17016926
17016934 336 17016935
17016938 336 17016939
17016940 336 17016941
17016944 336 17016945
17016949 336 17016950
17016951 336 17016950
17016954 336 17016953
17016960 336 17012001
17016962 336 17016963
17016971 336 17016970
17016971 336 17016974
17016972 336 17016970
17016973 336 17016970
17016979 336 17016980
17016985 336 17016986
17016992 336 17016993
17016999 336 17017000
17017001 336 17017002
17017005 336 17012191
17017006 336 17012191
17017007 336 17017008
17017010 336 17012211
17017011 336 17012211
17017011 336 17017493
17017012 336 17012225
17017013 336 17017014
17017020 336 17017021
17017023 336 17017024
17017038 336 17017039
17017042 336 17017043
17017045 336 17012578
17017048 336 17017049
17017051 336 17017052
17017054 336 17017055
17017057 336 17017058
17017063 336 17017064
17017066 336 17017067
17017075 336 17012846
17017075 336 17012851
17017081 336 17017082
17017086 336 17017087
17017088 336 17017089
17017090 336 17017091
17017093 336 17017092
17017097 336 17017098
17017100 336 17017101
17017103 336 17017104
17017105 336 17017106
17017107 336 17017108
17017117 336 17017118
17017122 336 17017123
17017124 336 17017125
17017126 336 17017127
17017133 336 17017134
17017135 336 17017136
17017140 336 17017141
17017153 336 17017152
17017154 336 17017152
17017156 336 17017157
17017158 336 17017159
17017162 336 17017163
17017165 336 17017166
17017167 336 17017168
17017174 336 17017175
17017182 336 12459291
17017182 336 17013373
17017193 336 17017194
17017195 336 17017196
17017201 336 17017202
17017204 336 17017205
17017207 336 12459291
17017207 336 17017208
17017214 336 17017215
17017219 336 17017220
17017219 336 17017222
17017221 336 17017220
17017223 336 17017222
17017230 336 17013691
17017231 336 17013691
17017234 336 17017235
17017237 336 17017238
17017239 336 12459291
17017240 336 12459291
17017242 336 12459291
17017243 336 12459291
17017244 336 12459291
17017245 336 12459291
17017246 336 12459291
17017247 336 12459291
17017248 336 12459291
17017249 336 12459291
17017250 336 12459291
17017251 336 12459291
17017252 336 12459291
17017253 336 17013787
17017254 336 12459291
17017255 336 12459291
17017256 336 12459291
17017257 336 12459291
17017258 336 12459291
17017259 336 12459291
17017260 336 12459291
17017261 336 12459291
17017262 336 12459291
17017263 336 12459291
17017264 336 12459291
17017265 336 12459291
17017266 336 12459291
17017267 336 12459291
17017269 336 12459291
17017270 336 12459291
17017271 336 12459291
17017272 336 12459291
17017273 336 12459291
17017274 336 12459291
17017275 336 12459291
17017276 336 12459291
17017277 336 12459291
17017278 336 12459291
17017279 336 12459291
17017280 336 12459291
17017281 336 12459291
17017282 336 17013787
17017283 336 12459291
17017284 336 12459291
17017286 336 12459291
17017287 336 12459291
17017288 336 12459291
17017289 336 12459291
17017290 336 12459291
17017291 336 12459291
17017292 336 12459291
17017293 336 12459291
17017294 336 12459291
17017295 336 12459291
17017296 336 12459291
17017297 336 12459291
17017298 336 17013787
17017299 336 12459291
17017300 336 12459291
17017301 336 12459291
17017302 336 12459291
17017302 336 17014888
17017303 336 12459291
17017304 336 12459291
17017305 336 12459291
17017306 336 12459291
17017307 336 12459291
17017308 336 12459291
17017309 336 12459291
17017310 336 12459291
17017311 336 12459291
17017312 336 12459291
17017313 336 12459291
17017314 336 12459291
17017315 336 17013787
17017316 336 12459291
17017318 336 17017319
17017321 336 17013804
17017324 336 17017325
17017328 336 17017327
17017330 336 17013834
17017331 336 17013834
17017334 336 17017333
17017341 336 17017342
17017343 336 17017344
17017348 336 17017349
17017350 336 17017351
17017352 336 17017353
17017355 336 17017354
17017356 336 17017354
17017357 336 17017354
17017358 336 17017354
17017360 336 17017359
17017361 336 17017359
17017362 336 17017359
17017363 336 17017359
17017366 336 17017365
17017367 336 17017365
17017368 336 17017365
17017369 336 17017365
17017370 336 17017365
17017371 336 17017365
17017372 336 17017373
17017374 336 17017375
17017381 336 17017382
17017387 336 17017386
17017388 336 17017389
17017397 336 17017398
17017406 336 17017407
17017410 336 17017411
17017412 336 17017413
17017423 336 17017424
17017434 336 17017435
17017436 336 17017437
17017442 336 17017443
17017446 336 17017447
17017450 336 17017451
17017452 336 17017453
17017456 336 17014524
17017467 336 17017466
17017468 336 17017469
17017470 336 17017471
17017475 336 17014799
17017477 336 17017478
17017483 336 17017484
17017485 336 17017486
17017487 336 17014888
17017489 336 17017490
17017494 336 17017493
17017495 336 17017496
17017501 336 17017502
17017503 336 17017504
17017507 336 17017508
17017519 336 17015046
17017522 336 17017523
17017528 336 17017529
17017533 336 17017534
17017535 336 17017536
17017537 336 17017538
17017539 336 17017540
17017544 336 17017545
