 Loading the index...
 Index loaded 38617900924 bytes
0;1000;473213447935
1;1000;910955413
2;1000;18311299
3;1000;14360645
4;1000;1248212782
5;57;1720386483
6;1000;91131081
7;1000;525837642
8;1000;316337647
9;1000;11103828
10;1000;86617371
11;1000;156909199
12;1000;1012105580
13;57;1760368876
14;1000;203886272
15;0;601000112128
16;1000;237809327
17;1000;6866645
18;1000;76161871
19;1000;378927346
20;0;60456519
21;1000;7245925
22;1000;4824001497
23;1000;50608040
24;1000;13668943
25;1000;11053736
26;1000;13523940
27;1000;8519819
28;1000;7888221
29;1000;37040504402
30;1000;177897390
31;1000;1327335048
32;1000;9882442
33;1000;17490224
34;1000;70212936
35;1000;69991016
36;183;98629219571
37;1000;67333787
38;1000;6704071
39;1000;16478197
40;1000;2987592796
41;1000;24303397
42;1000;35129230
43;1000;146284829
44;8;1936662603
45;1000;44296976
46;229;3913284517
47;0;2498686
48;71;2288070460
49;1000;17991298
50;1000;20568403
51;1000;49462673
52;1000;30918187
53;1000;24643644
54;1000;17468822
55;1000;31970616
56;1000;336596714
57;0;2988828658
58;83;1925649945
59;79;1927236201
60;1000;18164717
61;1000;20705820
62;95;17996667
63;1000;207044752
64;1000;29913493
65;1000;17470881
66;0;32642742
67;0;21647997
68;28;25046207
69;20;53785584
70;1000;31023566
71;1000;24088311
72;1000;460549703
73;1000;336419729
74;1000;74033528
75;1000;6190498
76;1000;15616769
77;1000;8209022
78;1000;25111439
79;1000;6554962
80;1000;27136575
81;1000;78044244
82;1000;15902520
83;25;6081815
84;200;17944465
85;398;16122289
86;692;54942212
87;1000;11514226
88;1000;31523810
89;1000;12324698
90;1000;31904990
91;23;3232015
92;1000;288449325
93;1000;288613725
94;1000;9846598
95;1000;12105793
96;1000;19740826
97;1000;16973285
98;1000;50444898
99;1000;4331917
100;1000;12181489
101;1000;94726885
102;1000;54942458
103;1000;143924250
104;41;5034681
105;1000;24082628
106;1000;20131014
107;1000;20840375
108;1000;9839402
109;0;771085
110;1000;71277369
111;1000;73363868
112;1000;8312567
113;1000;29919776
114;1000;111515566
115;1000;71960640
116;1000;21957162
117;1000;613950906
118;0;51940
119;0;17152
120;1000;2705322107
121;1000;21160105
122;0;2012157260
123;1000;19072789
124;1000;10443290
125;606;31672190
126;1000;41854940
127;1000;21740669
128;1000;11925272
129;1000;102178070
130;1000;29892153
131;605;11386679
132;0;232945224
133;1000;51367019
134;1000;22658562
135;585;16816911
136;1;15457924
137;1;22040200
138;322;24269355
139;1000;103009225
140;50;59870499
141;1000;5365358
142;1000;2746697
143;1000;17174586
144;62;50375931
145;1000;18447811
146;1000;12934033
147;1000;30577883
148;1000;24784088
149;1000;34579513
150;99;88064427
151;1000;8166319
152;1000;23669827
153;1000;83996675
154;1000;15218644
155;1000;15694974
156;365;5272939
157;1000;3254906
158;1000;661757981
159;1000;654349661
160;1000;701939385
161;1000;603743335
162;922;1049134509
163;1000;13661758
164;1000;7843694
165;1000;14632508
166;1000;15182569
167;1000;21311204
168;1000;18223582
169;1000;14037910
170;1000;20663131
171;1000;24613510
172;1000;14961767
173;1000;5789021
174;1000;12573282
175;1000;5483924
176;1000;18409252
177;1000;335739305
178;1000;14358383
179;1000;4177054
180;1000;19599931
181;1000;18572274
182;1000;25050890
183;1000;13897425
184;1000;9952941
185;1000;9918538
186;1000;10940123
187;1000;10770470
188;1000;14523852
189;0;36777192005
190;118;50382349
191;1000;14470350
192;1000;35241735
193;1000;17363814
194;0;110234507
195;1000;3843114
196;1000;1803403
197;1000;245007316
198;1000;8587839
199;1000;14598672
200;1000;15188801
201;296;122655222
202;1000;10220980
203;1000;70607839
204;1000;18611621
205;1000;4839516
206;1000;8104686
207;1000;6117313
208;1000;20397565
209;1000;38759185
210;1000;11011603
211;1000;259663402
212;1000;15754801
213;1000;314268702
214;1000;4639839
215;0;19924
216;1000;7239132
217;1000;21265347
218;1000;5941080
219;1000;7277857
220;1000;14325730
221;1000;12042054
222;1000;28707703
223;18;5011582180
224;1000;17958522
225;1000;19798306
226;1000;9685693
227;86;81297491
228;12;4177550
229;1000;9669820
230;1000;4986949
231;1000;13132473
232;18;3480393
233;1000;21961162
234;1000;10461539
235;1000;16853728
236;1000;382813638
237;1000;3252154
238;1000;27370513
239;57;1286377
240;1000;4092154
241;1000;6858109
242;1000;3846237
243;1000;20978730
244;1000;23395153
245;78;60251974
246;1000;7730117
247;1000;26636756
248;1000;16803476
249;1000;22101388
250;1000;8697401
251;1000;7457787
252;1000;37255153
253;1000;7968104
254;1000;21712974
255;1000;116675950
256;201;4085380
257;1000;23711111
258;432;5133409
259;1000;26889484
260;1000;14075008
261;171;7865079
262;1000;14193177
263;1000;17344890
264;1000;22004942
265;1000;751610492
266;1000;14203703
267;1000;7436069
268;1000;6195425
269;1000;13871877
270;1000;5210319
271;0;18925
272;1000;25235554
273;257;33964487
274;1000;22213242
275;1000;3843619
276;5;5735135253
277;1000;19108023
278;617;7947672
279;1000;6750276
280;1000;11280492
281;1000;123159224
282;0;1921177
283;1000;4790313
284;1000;8610423
285;1000;15273964
286;340;37764335
287;202;19787413
288;1000;4658637
289;1000;13431208
290;1000;104079353
291;1000;10882056
292;1000;56311417
293;1000;12926386
294;1000;19526823
295;1000;27288586
296;1000;19884053
297;1000;18485199
298;1000;46475551
299;0;31308
300;1000;10236863
301;1000;19763795
302;29;8497463
303;1000;7529900
304;1000;9838993
305;0;842294569
306;1000;21639610
307;1000;21372192
308;1000;10433440
309;330;9383530
310;1000;16638554
311;1000;31372103
312;1000;13564278
313;68;2519924
314;38;1436304
315;1000;16133827
316;1000;8639709
317;1000;6529458
318;1000;5456796
319;1000;21890742
320;1000;10441020
321;1000;18424807
322;1000;184937953
323;703;1221065788
324;697;574087422
325;1000;104974048
326;1000;16328993
327;1000;13604006
328;362;18942726
329;1000;26362741
330;0;5066178
331;1000;28431453
332;1000;11776002
333;1000;3894237
334;267;11270206557
335;1000;9241426
336;1000;25477492
337;1000;12963851
338;1000;12869971
339;1000;7072167
340;1000;7766032
341;1000;216278947
342;1000;3787225
343;1000;8616311
344;1000;11605996
345;1000;7918692
346;1000;5824105
347;1000;6928133
348;1000;8929344
349;1000;15401742
350;1000;22073659
351;1000;304317527
352;1000;8451152
353;1000;18723875
354;1000;4206829
355;1000;6972865
356;1000;11719576
357;1000;11311175
358;1000;14427723
359;0;9230643738
360;1000;4363366
361;1000;9313133
362;609;10262492
363;1000;9999270
364;1000;14513564
365;10;367877
366;1000;5233534
367;8;1156620
368;1000;4562711
369;1000;6845359
370;1000;12485664
371;1000;17231418
372;1000;9802705
373;1000;8932112
374;1000;5844101
375;1000;5602519
376;1000;2953061
377;1000;7860059
378;1000;1346776
379;1000;3470620
380;1000;4279514
381;1000;3986983
382;1000;1264945
383;1000;1255826
384;1000;1287716
385;1000;3630460
386;1000;4122969
387;1000;4521379
388;1000;2554856
389;1000;2824273
390;1000;1263490
391;1000;5174007
392;1000;7509192
393;1000;4438807
394;1000;8531557
395;1000;12759740
396;1000;8005432
397;1000;366705838998
398;1000;9635058
399;60;1183016
400;1000;13832044
401;1000;7614013
402;1000;9512661
403;1000;15764995
404;1000;20882272
405;1000;7893099
406;1000;5493974363
407;1000;12024947
408;1000;15327851
409;1000;16060187
410;1000;11203692
411;1000;11224675
412;1000;21548111
413;1000;15589144
414;1000;5423689
415;1000;12765818
416;19;4495631
417;1000;13935832
418;1000;4711466
419;1000;8801798
420;0;10466266319
421;1000;13283655
422;1000;7014387
423;1000;3181425
424;1000;4629664
425;1000;18132617
426;1000;2037758
427;1000;7688710
428;1000;5841929
429;1000;15606439
430;1000;8609472
431;1000;5569573
432;1000;15742799
433;1000;3821227
434;1000;9724125
435;1000;5566061
436;1000;4882574
437;1000;9472991
438;1000;16539708
439;1000;6613037
440;1000;9708536
441;1000;6987945
442;1000;5497672041
443;1000;5494839285
444;1000;15188355
445;1000;8333709
446;1000;2554515
447;0;272961792
448;1000;5755527
449;1000;12723910
450;1000;10295805
451;1000;10607445
452;344;5373578
453;1000;12105027
454;1000;5079848
455;781;21392317
456;1000;6653567
457;1000;9099385
458;1000;9873730
459;1000;735432
460;91;2002133
461;657;9206699
462;23;2100286536
463;1000;17002563
464;1000;6261988
465;1000;9611724
466;1000;9234396
467;1000;10908885
468;1000;13404785
469;1000;7186676
470;1000;18874743
471;7;244352
472;62;132126338
473;1000;13196014
474;55;130928681
475;0;13892694
476;0;22239427
477;0;6731383
478;0;6587206
479;0;5636487
480;1000;12207890
481;1000;7885918
482;1000;7326041
483;701;14089390
484;1000;8101192
485;1000;26077259
486;1000;14531545
487;1000;8796716
488;1000;7274755
489;1000;9371238
490;1000;6214492
491;1000;12440748
492;1000;10500422
493;6;624202
494;1000;35251320
495;1000;4341492
496;1000;15557334
497;1000;35121895
498;1000;8924423
499;1000;12081996
500;1000;11332518
501;1000;7890852
502;0;374240610
503;140;3217877
504;1000;15361137
505;1000;119959049
506;17;655402
507;1000;6405050
508;1000;10584023
509;221;20827290
510;1000;117623124
511;1000;10011547
512;1000;14434748
513;1000;9237601
514;1000;7803038
515;1000;12115390
516;1000;8876800
517;1000;7232408
518;1000;8224525
519;1000;10001700
520;1000;6557081
521;1000;9176914
522;1000;20072828
523;1000;13039331
524;0;13904
525;1000;23040386
526;1000;2571295
527;0;17029
528;1000;13080506
529;1000;11707972
530;1000;4061962
531;20;374020
532;1000;18460476
533;1000;5132090
534;1000;8493301
535;1000;26048661
536;1000;11498715
537;1000;9458908
538;1000;119842922
539;1000;13356965
540;1000;12254079
541;370;551353785
542;1000;19661860
543;1000;6741880
544;35;1097194
545;746;16520635
546;1000;14480145
547;193;2158722
548;1000;13742586
549;1000;11804182
550;1000;8299007
551;315;7820572
552;1000;6773406
553;1000;9989580
554;2;90090
555;15;1598782426
556;1000;25578654
557;1000;13755595
558;1000;9983708
559;1000;13691767
560;1000;10722514
561;1000;14934879
562;1000;3897213
563;1000;118064020
564;1000;9709685
565;50;563890
566;490;34180978
567;1000;13538401
568;86;23832070
569;1000;15828768
570;1000;10845997
571;1000;22567266
572;1000;714561679
573;1000;5108006
574;1000;9248481
575;1000;10690575
576;1000;7216354
577;1000;17839620
578;1000;15586959
579;1000;14664922
580;1000;840598164
581;1000;8945806
582;1000;4965194
583;1000;6296920
584;1000;14373305
585;1000;60332476
586;1000;11675664
587;1000;11009787
588;1000;11144873
589;1000;13952898
590;1000;20108276
591;1000;5375322
592;54;1265441477
593;1000;10252878
594;0;4841726962
595;1000;5500842043
596;1000;14283792
597;1000;7082268
598;1000;16684983
599;1000;9148384
600;1000;14719681
601;1000;11855138
602;1000;18249172
603;1000;9920529
604;1000;7753189
605;93;1528971
606;1000;15791133
607;1000;12824843
608;1000;4399612
609;0;19660
610;24;529443
611;1000;16334081
612;1000;6225023
613;1000;11698636
614;1000;4753707
615;1000;31688932
616;1000;7224713
617;119;3697283528
618;1000;10182723
619;1000;8044517
620;1000;18287271
621;1000;8347030
622;1000;9426642
623;1000;13460578
624;1000;14908050
625;1000;13756921
626;0;2759519
627;1000;145106059
628;47;900272
629;1000;9082486
630;1000;18728857
631;1000;11362912
632;1000;9314161
633;0;856127903
634;1000;8475872
635;0;263348594
636;0;48961953
637;0;27840
638;1000;8717147
639;1000;7901762
640;1000;36316107
641;1000;6384625
642;407;16623819
643;1000;16480489
644;293;34799832
645;1000;7214392
646;1000;12163764
647;1000;11999974
648;1000;12890416
649;1000;14418477
650;1000;37721480
651;1000;13748977
652;1000;60997672
653;1000;1796098
654;1000;9221223
655;1000;5991264
656;1000;4184065
657;267;11176112
658;1000;13935529
659;1000;119449107
660;1000;33785271
661;1000;22809264
662;1000;17964851
663;1000;9921803
664;6;333658
665;68;43973602
666;170;4930433
667;1000;19820296
668;1000;14620794
669;1000;7325538
670;1000;5889328
671;1000;22460457
672;1000;5711614
673;1000;13844694
674;1000;6323305
675;595;7780292
676;1000;14646491
677;302;6817683
678;1000;16381193
679;1000;9233323
680;1000;18963986
681;1000;4320868
682;260;2297633
683;34;1781998
684;1000;6750800
685;1000;14057522
686;1000;14592015
687;0;3582757
688;1000;16199413
689;1000;12072259
690;1000;12120573
691;1000;18754421
692;1000;10929342
693;1000;15325664
694;1000;7856952
695;1000;12372414
696;1000;11822071
697;1000;8838469
698;1000;4707705
699;1000;6258778
700;1000;4585624
701;1000;6585594
702;1000;8938643
703;1000;3199134
704;23;349218
705;1000;10865655
706;1000;8698109
707;56;554275
708;1000;8157950
709;1000;4649814
710;1000;8048105
711;1000;3485081
712;1000;4870159
713;1000;6918935
714;2;54685
715;1000;9138902
716;1000;8708544
717;1000;8096505
718;1000;4377489
719;1000;5755410
720;1000;12552650
721;1000;8244024
722;1000;8143424
723;1000;5689838
724;1000;7301577
725;8;167907
726;1000;11274633
727;1000;8414227
728;1000;5048526
729;15;254167
730;1000;8315509
731;1000;9610433
732;1000;9771603
733;1000;7474447
734;1000;9336919
735;1000;8485049
736;1000;8293354
737;1000;7590945
738;1000;6770554
739;1000;7984180
740;1000;10061445
741;1000;11580392
742;1000;10717768
743;1000;9283461
744;1000;7385339
745;1000;3529592
746;1000;8096971
747;110;1335097
748;1000;5757716
749;1000;6780776
750;1000;4513992
751;1000;8553009
752;1000;8257641
753;1000;2645813
754;1000;10221655
755;1000;8949647
756;1000;3936814
757;1000;6178166
758;1000;6813608
759;1000;4913137
760;1000;11472445
761;1000;8118879
762;1000;8161756
763;1000;8276758
764;1000;4917882
765;1000;8444724
766;22;382548
767;1000;11238834
768;1000;5325557
769;1000;10087693
770;1000;7791455
771;1000;7963312
772;1000;8552073
773;1000;5626679
774;1000;6821421
775;1000;1913308
776;413;3945071
777;1000;5769309
778;1000;10364120
779;1000;6726146
780;1000;7893171
781;1000;9735383
782;1000;9812176
783;1000;7832187
784;1000;5670627
785;1000;11948239
786;1000;11471984
787;1000;8043695
788;1000;8435644
789;104;950806
790;1000;8669249
791;1000;8193891
792;405;4673304
793;1000;6580803
794;1000;5031464
795;1000;7597567
796;1000;2418098
797;1000;9660375
798;13;238359
799;24;408104
800;11;206517
801;1000;8627421
802;71;856412
803;1000;7962618
804;1000;7739723
805;28;420462
806;1000;11102390
807;1000;9764734
808;16;316550
809;16;307433
810;12;233150
811;1000;10180529
812;1000;8173844
813;1000;11911352
814;1000;14121200
815;1000;6589402
816;1000;5588854
817;1000;12076724
818;1000;11557079
819;124;1543839
820;1000;13193556
821;1000;10185342
822;1000;10937289
823;1000;7866052
824;1000;10032948
825;1000;12142553
826;1000;4668885
827;1000;9723970
828;1000;8743736
829;1000;10262415
830;1000;5651817
831;1000;4572150
832;1000;9496249
833;1000;9137896
834;1000;3789710
835;1000;7023888
836;1000;8815974
837;1000;8937621
838;1000;7199988
839;1000;11158005
840;1000;8119649
841;62;833364
842;82;1084323
843;1000;5572900
844;693;7495487
845;1000;9207829
846;1000;8286974
847;1000;10372415
848;1000;9765775
849;1000;11899929
850;260;2672533
851;176;2399811
852;1000;10530489
853;1000;8813216
854;1000;8517504
855;1000;7589939
856;582;9844416
857;27;440559
858;1000;4728482
859;1000;6928125
860;1000;11859110
861;1000;6555843
862;1000;8824984
863;1000;11626725
864;1000;12657970
865;154;1677159
866;1000;4713791
867;1000;9965575
868;1000;8042369
869;1000;11872672
870;1000;10218135
871;1000;8073072
872;1000;4740636
873;1000;10446153
874;382;3552620
875;1000;6510306
876;1000;11927777
877;1000;10440023
878;45;677040
879;1000;11338366
880;6;131124
881;1000;11023133
882;1000;14614517
883;1000;7242105
884;1000;7845063
885;1000;7749355
886;1000;7199783
887;1000;10805435
888;1000;11205231
889;10;214204
890;1000;10752654
891;1000;10201634
892;1000;9584696
893;623;7001384
894;444;4395735
895;1000;6169605
896;981;12836003
897;1000;7128908
898;1000;8639319
899;1000;11933887
900;1000;9188315
901;1000;11466557
902;1000;9549030
903;1000;11699932
904;1000;8385339
905;1000;7149525
906;1000;3937474
907;1000;7712367
908;1000;5997858
909;1000;2517120
910;1000;9115901
911;1000;9351093
912;1000;13513553
913;1000;11256676
914;1000;8895767
915;1000;9757337
916;1000;3684686
917;1000;1402612
918;1000;3211260
919;1000;2370246
920;1000;9173593
921;100;1009637
922;1000;9447430
923;1000;11984997
924;1000;7698587
925;1;2329881
926;1000;169680571
927;2;242070
928;113;9343793
929;73;24214310
930;647;22169999
931;1000;5301757
932;1000;5114340
933;1000;8322294
934;459;2098439
935;670;22023534
936;0;48608
937;1000;37410454
938;1000;4736100
939;137;797771
940;1000;18092028
941;1000;4405238
942;7;104747
943;20;1178807
944;1000;4106299
945;1000;8282421
946;0;16842
947;2;194540
948;1000;3198275
949;31;2975575
950;33;40835350
951;1000;3276039
952;1000;98996175
953;1000;4135335
954;1000;3333240
955;1000;61021277
956;1000;4086998
957;203;1619821
958;666;2531945
959;1000;2983244
960;1000;2518378
961;107;1439642
962;1000;2837855
963;1000;2842178
964;1000;4614467
965;1000;4756722
966;258;1448955
967;1000;3642384
968;1000;7801784
969;1000;4225528
970;1000;3882985
971;0;270270
972;1000;25833741
973;36;829520
974;32;264482
975;52;9375183
976;15;1013165
977;37;3252504
978;35;619912
979;0;25370
980;116;12653001
981;3;166043
982;31;450932
983;1000;3264970
984;1000;3981102
985;403;24450905
986;1000;18667179
987;1000;19491601
988;372;52171462
989;65;9122023
990;282;9844613
991;1000;5605348
992;11;4311559
993;731;12373523
994;77;1204079
995;1000;2445051
996;1000;4192779
997;59;354456
998;50;5457306
999;63;716578
1000;0;51932
1001;0;9898
1002;1000;277787988
1003;1000;5488895479
1004;1000;4309563
1005;0;21072
1006;764;3263910
1007;1000;227440695
1008;20;100455
1009;183;1162869
1010;1000;269367625
1011;54;446575
1012;1000;13207453998
1013;1000;3905059351
1014;54;449425
1015;0;17552
1016;233;1288816
1017;1000;328486176
1018;71;472929
1019;1000;318787182
1020;198;203057
1021;1000;369245409
1022;1000;21524100
1023;1000;387147436
1024;156;712122
1025;1000;23096724
1026;1000;280857312
1027;131;950670
1028;1000;485881103
1029;1000;349413697
1030;339;1998099
1031;634;3028838
1032;1000;49943636
1033;351;1857429
1034;1000;44100241
1035;1000;544043176
1036;1000;6131648
1037;1000;32338895
1038;1000;217316805
1039;0;29673
1040;1000;330035427
1041;1000;37886582
1042;1;60670
1043;1000;110340069
1044;357;1511221
1045;1000;445528008
1046;0;23742
1047;1000;6160933
1048;10;94952
1049;14;127223
1050;1000;161441746
1051;1000;4043553685
1052;1000;617306171
1053;1000;828404491
1054;8;97527
1055;0;14435
1056;1000;15512107
1057;1000;665125459
1058;1000;184171411
1059;1000;510513601
1060;74;540551
1061;1000;16558638
1062;1000;115099807
1063;1000;37537620
1064;1000;496361060
1065;1000;58847743
1066;1;52688
1067;1;36978
1068;1000;2380426288
1069;63;467655
1070;1000;5221172
1071;1000;645567694
1072;1000;315634924
1073;1000;66561912
1074;20;213182
1075;751;3688685
1076;1000;839061870
1077;1000;83381112
1078;1000;1384220489
1079;37;315105
1080;309;1962825
1081;0;17585
1082;1000;3157965
1083;1000;13469675
1084;1000;462171838
1085;1000;58997218
1086;1;58319
1087;60;410335
1088;0;14187
1089;0;11973
1090;0;12903
1091;0;12253
1092;1000;1711277314
1093;0;24900
1094;0;13196
1095;0;11802
1096;1;45915
1097;0;11638
1098;0;10223
1099;102;77015
1100;0;12972
1101;150;848257
1102;0;15673
1103;62;334350
1104;67;322703
1105;8;75243
1106;45;324955
1107;1000;127743879
1108;167;318992
1109;922;3683645
1110;1000;4255867
1111;341;834692
1112;2;45870
1113;295;1367675
1114;0;13228
1115;0;11905
1116;0;11437
1117;20;60348
1118;559;2703626
1119;1;29352
1120;1000;776242491
1121;1000;4959899
1122;2;50656
1123;1;27899
1124;1;28292
1125;285;872235
1126;1000;139515255
1127;21;232247
1128;42;331260
1129;1000;1280857581
1130;1000;470526998
1131;131;850532
1132;1;41300
1133;1000;317796705
1134;1000;2705849877
1135;1000;74353555
1136;1000;52066437
1137;29;243837
1138;4;59213
1139;1000;4685112
1140;1000;64305275
1141;29;186182
1142;805;3285410
1143;249;1335192
1144;11;107050
1145;681;2343716
1146;108;569819
1147;54;338192
1148;89;583699
1149;733;3478772
1150;1000;11393430
1151;1000;56818980
1152;7;106704
1153;1000;49143573
1154;318;1151329
1155;3;49431
1156;299;1562421
1157;1;30459
1158;366;1675604
1159;1000;161820229
1160;1000;132220273
1161;1000;77164940
1162;40;279448
1163;1;41688
1164;1;30610
1165;0;17927
1166;204;190342
1167;1000;45507120
1168;1;50368
1169;1000;764422728
1170;473;2381741
1171;7;63261
1172;0;15947
1173;1000;4767272
1174;1000;121109602
1175;1000;27354321
1176;40;308470
1177;1000;30418108
1178;282;1406811
1179;1000;94739265
1180;1;65212
1181;1000;15077069
1182;14;108618
1183;38;245003
1184;114;646589
1185;1;27526
1186;55;247792
1187;1000;17206160
1188;2;69738
1189;23;167505
1190;222;961789
1191;305;822570
1192;1000;7086795
1193;1000;63376669
1194;1000;5461108
1195;3;60273
1196;1000;25783820
1197;0;33075
1198;34;299360
1199;534;2787205
1200;1000;117103816
1201;1000;26491911
1202;45;205490
1203;1000;25421715
1204;1;53451
1205;1;34821
1206;9;65278
1207;20;170948
1208;890;3456198
1209;1000;97165859
1210;1000;24644748
1211;7;102947
1212;1;37568
1213;338;800684
1214;16;113460
1215;1;30249
1216;1;26776
1217;1000;14556236
1218;35;278505
1219;27;199547
1220;1000;74733991
1221;1000;6815380
1222;222;1166072
1223;210;866377
1224;1000;305645411
1225;1000;10254256
1226;1000;50116644
1227;17;154180
1228;277;1362548
1229;114;568962
1230;0;15700
1231;0;2338
1232;1000;6807543
1233;13;155081
1234;6;70453
1235;1000;11103012
1236;38;310349
1237;1000;112489887
1238;1000;3730083
1239;78;426458
1240;1000;218409639
1241;50;383090
1242;320;1769916
1243;1000;707721545
1244;1000;369518811
1245;0;25432
1246;259;1534814
1247;1;40423
1248;1;26683
1249;1000;5129151
1250;1;36618
1251;1;22675
1252;3;36685
1253;2;31077
1254;479;2509696
1255;1;31570
1256;0;11138
1257;0;8413
1258;0;9250
1259;0;7729
1260;0;16232
1261;0;5196
1262;1000;42816566
1263;1000;4794694
1264;150;897427
1265;1000;26446153
1266;1000;10727402
1267;500;2546941
1268;269;1372439
1269;1;37411
1270;1000;7030421
1271;654;2437723
1272;72;389685
1273;860;3169095
1274;34;246527
1275;13;89895
1276;1000;12650371
1277;1000;4490313
1278;1000;52349348
1279;5;86800
1280;185;1115198
1281;70;455360
1282;1000;74846287
1283;27;263985
1284;215;898597
1285;76;459831
1286;1000;43587998
1287;1000;375023564
1288;1;58607
1289;1;21457
1290;1;37690
1291;1;28525
1292;68;401251
1293;9;90457
1294;0;16772
