 Loading the index...
 Index loaded 909146849 bytes
0;1;10339076
1;1000;2723789
2;1;1732007
3;27;3360311
4;273;2335516
5;1;1818724
6;1;1203107
7;2;286407
8;1;34887950
9;1000;2619169
10;2;1441754
11;10;1675161
12;1;318992
13;81;7034505
14;8;12373457
15;11;10776292
16;4;157826
17;10;182185
18;3;16109213
19;2;1921561
20;4;543442
21;50;58576591
22;5;3000828
23;17;27324291
24;2;8235750
25;2;11311621
26;245;2007658
27;10;1024717
28;1;347015
29;248;41156671
30;1;2189830
31;2;146750
32;1;8988631
33;1;14952092
34;102;23649316
35;2;4049165
36;11;25332509
37;1;383689
38;9;22810946
39;1;4840516
40;1;158792
41;1;16724597
42;7;1915679
43;1;5242428
44;5;6905650
45;1;94311650
46;1;2622590
47;1;1026380
48;3;6383758
49;1000;5916802
50;1;2721330
51;1;1807844
52;1;523400
53;1;1965319
54;1;13846486
55;32;499551
56;926;3052044
57;1;243611
58;1;3567407
59;1;69130
60;1;34657622
61;1;333757
62;507;8739478
63;4;1202922
64;2;79446
65;2;1705919
66;1;1989494
67;26;2438956
68;1;618784
69;6;1995328
70;29;123466
71;1;351572
72;1;2108794
73;308;151136850
74;1;608373
75;1;1560629
76;15;18492927
77;24;2090809
78;3;2006868
79;1;9451863
80;16;4906844
81;76;293422
82;1;1377769
83;32;1547349
84;56;1940781
85;1;1383301
86;37;440519
87;1;824224
88;20;1179093
89;1000;4112419
90;1;3259800
91;35;593387
92;1;2232708
93;22;214025
94;1;133657
95;1;1170782
96;1000;4499341
97;4;1161843
98;1;1338879
99;188;22769976
100;1;321898
101;1;1563442
102;1;2597683
103;1;3860802
104;1;36806813
105;1;709790
106;9;5766255
107;1;442893
108;76;1017670
109;143;2591069
110;7;3410113
111;33;257515
112;688;10173204
113;3;49043673
114;233;5900836
115;1;999327
116;8;1901926
117;7;4494919
118;1000;135387311
119;1;1639311
120;1;6905832
121;2;364386
122;5;2525473
123;1;4548555
124;93;719846
125;1;871958
126;12;6714505
127;4;1128664
128;3;2298474
129;1000;1493118
130;1;2551336
131;1;15587973
132;3;27059499
133;2;610527
134;1;160931
135;1;393894
136;1;587301
137;120;641617
138;2;4236329
139;7;18319890
140;365;2267125
141;1;6950240
142;23;2695229
143;7;6375265
144;1;1184027
145;122;3894875
146;2;1276508
147;71;828907
148;1;662464
149;61;932497
150;1;10400992
151;1;15308084
152;1000;5024409
153;1;23432481
154;9;345958
155;3;3461346
156;6;1147308
157;1;735335
158;7;564574
159;1;3734970
160;1;737249
161;386;3355757
162;30;6148531
163;1;134235
164;18;828111
165;1000;10718777
166;1;2127696
167;97;499909
168;1000;3536357
169;2;2788423
170;83;86313824
171;1000;4054533
172;2;166115702
173;234;5543169
174;1;24143563
175;1000;737457
176;1;967576
177;1;8876487
178;1;2908524
179;1000;4679634
180;1;151050
181;1;1634841
182;128;2722260
183;1000;9251683
184;1;29187509
185;1;3344890
186;1;4908276
187;1;1536395
188;2;1992801
189;3;5037635
190;59;37611485
191;2;60896889
192;1;1685079
193;1;764259
194;1000;6314416
195;1;12783316
196;80;5690278
197;3;6879498
198;8;151417
199;65;9485643
200;1000;2029711
201;2;5206686
202;35;17210721
203;8;1697389
204;1;339658
205;1;5135116
206;3;372312
207;1;626704078
208;2;302135
209;568;3281553
210;1;27783750
211;113;5394485
212;1;4346374
213;9;1216572
214;1;20914969
215;3;2815068
216;1;1222959
217;1;427609
218;1000;10756800
219;3;1332661
220;3;16631292
221;1;363874
222;1;1411158
223;12;2534536
224;1;2068444
225;3;2697976
226;3;57538480
227;1;1430197
228;1;13136140
229;5;200330
230;34;6075375
231;2;265307
232;31;5498654
233;1;11564317
234;1;3813035
235;1;7021850
236;4;1824393
237;1;91480601
238;1;1936260
239;22;18464714
240;1000;19355954
241;12;1816439
242;7;2431253
243;5;7575672
244;1;598702
245;1;498192
246;3;258796
247;1;461103
248;1;25247130
249;4;17160148
250;1;712225
251;2;1348629
252;87;1973231
253;30;4533216
254;2;15098467
255;15;1943814
256;2;2066076
257;1;271468
258;2;1386168
259;1;903859
260;1;660742
261;2;4542342
262;1;823766
263;2;116980
264;2;86620
265;284;2164806
266;1;379899
267;1;1146783
268;3;777622
269;1000;4061097
270;1;2915346
271;1;1207582
272;1000;6288589
273;3;359584
274;2;2797531
275;64;3809421
276;2;134690
277;25;281512
278;5;3942468
279;3;3797105
280;5;352584207
281;1;1514699
282;1;373804
283;12;109278876
284;17;981296
285;1;5458196
286;1000;4291747
287;4;74317309
288;37;3396272
289;1;2139593
290;3;149063216
291;432;1922946
292;1;213516
293;172;8128321
294;8;860182
295;1;143290
296;38;1475313
297;3;3594007
298;1;4593670
299;1;155639
300;1;3964375
301;10;1480801
302;2;1919040
303;4;2437446
304;6;89660
305;52;1111382
306;1;65004
307;2;4323769
308;4;1638952
309;320;2885039
310;1;224314
311;1;12214294
312;1000;2900148
313;1;4684640
314;1;1159637
315;2;3499212
316;24;611080
317;24;643886
318;1;343590
319;1;175852
320;2;2996948
321;1;602319
322;1;33068614
323;22;1589281
324;67;1678352
325;1;8742534
326;1;1576638
327;4;19062829
328;1;1116809
329;1;92967
330;1;1517924
331;2;24416425
332;21;2869095
333;1;1113605
334;18;1210404
335;1;413104
336;1000;11888720
337;50;9554653
338;830;2693842
339;6;2124370
340;1;868302
341;1;4223519
342;24;57791679
343;7;969653
344;1;5716625
345;1;22483763
346;2;17460398
347;1;1541396
348;4;4080369
349;1;640627
350;2;8680265
351;1;32568269
352;48;767333
353;7;1125607
354;9;4387237
355;1000;12774697
356;2;26461581
357;23;5835588
358;1;308225
359;1;10211007
360;1;13540502
361;1;17671357
362;14;1743041
363;30;6079763
364;21;2175226
365;1000;8218937
366;1;10779690
367;1;8875064
368;704;4946402
369;3;1406361
370;1;515537
371;2;618281
372;1;24393141
373;8;171690
374;1000;14667958
375;1;2639886
376;65;724959
377;1;3301892
378;1;2543073
379;1;1778602
380;1000;7770030
381;1;127879
382;1;214694
383;1;121918
384;3;358291
385;1;40755044
386;486;18329207
387;1;297138
388;50;577005252
389;4;9207203
390;1000;4716479
391;6;808080
392;3;412272
393;16;4018968
394;883;18302585
395;1;3658260
396;1000;6061443
397;221;26498486
398;20;1591651
399;1;10526506
400;1;3588504
401;1;1225489
402;23;3670972
403;1000;2554591
404;2;8752474
405;2;623070
406;4;2363861
407;4;4170120
408;59;389368719
409;1;3124738
410;6;57899961
411;1;460315
412;1;26773196
413;14;2677773
414;2;16283231
415;3;28840187
416;141;22977139
417;1;886740
418;1;246555
419;3;2924483
420;151;2274048
421;2;9629426
422;25;269117
423;1;1532334
424;1;9201389
425;1;5942916
426;1;9264305
427;1;7887927
428;1;841507
429;1;10930137
430;2;100730140
431;117;1381704
432;2;70365
433;49;16047931
434;1;776059
435;2;4476822
436;1;1070492
437;1;128928
438;1;1197230
439;3;792164
440;2;1802966
441;2;2910118
442;10;595015
443;1000;11035728
444;1;1100477
445;1;26262866
446;7;1614943
447;3;2807163
448;2;20132756
449;32;1746541
450;2;847880
451;56;11207835
452;1000;3816092
453;1000;2717128
454;1;6337586
455;29;6985662
456;5;545699
457;1;176497
458;328;1906355
459;1;1398016
460;83;5386161
461;6;158621469
462;1;15812670
463;1;5608857
464;4;736302
465;1;3845065
466;2;758739
467;1;780270
468;19;1587614
469;1;976266
470;1000;4671212
471;1;2884268
472;1;527572
473;2;17820250
474;1;1597711
475;248;2494931
476;1;1924097
477;349;3005547
478;1;2524381
479;2;414567
480;14;6294476
481;73;10208735
482;2;936061
483;2;640257
484;1;235340
485;1;102665
486;1;3778975
487;1;168190
488;20;3131915
489;48;2564793
490;1;4525655
491;1;53045528
492;120;664332
493;1;541957
494;1;1803229
495;1000;4364829
496;153;4364971
497;3;368880028
498;1;694918
499;3;4376069
500;1;70401415
501;1;91090690
502;150;1285036
503;29;2081941
504;1;25733577
505;1;18496331
506;1;84636
507;1;1132449
508;11;1070436
509;1;271273
510;1000;5968305
511;1;836407
512;4;6627480
513;117;6192673
514;2;10636285
515;1;34560123
516;26;16295466
517;4;2373196
518;13;863048
519;1;205244
520;18;2526089
521;4;3722471
522;1000;5400283
523;1;3708043
524;532;13717665
525;1;5352147
526;1;598159
527;131;7715372
528;1;950022
529;1;9449102
530;1;939240
531;6;732197
532;141;787080
533;8;5403091
534;250;17852350
535;1000;4211393
536;149;2812238
537;4;480539
538;4;15582092
539;2;15538327
540;3;1062045
541;1;559358
542;1;310727
543;5;4902875
544;1;387030
545;1;70947
546;6;361472
547;1;1356986
548;3;1313308
549;1000;5075731
550;1;9141664
551;2;250707
552;1;106763
553;1;372725
554;7;545349
555;1;5095814
556;1;617334
557;1;13483567
558;309;5583859
559;6;1283284
560;1;1385042
561;3;2980048
562;12;10823430
563;1000;4060359
564;3;840307
565;1;2065371
566;2;17527340
567;2;377228
568;6;154850
569;326;8859439
570;13;273946907
571;1;136827031
572;77;1432633
573;3;1749711
574;1;6834060
575;1;3898469
576;1;1123702
577;1;1499047
578;1;3997735
579;697;3286830
580;9;5754031
581;3;108915242
582;1;87872
583;1;139303
584;1;18516405
585;3;192069
586;2;496922509
587;3;1039000
588;4;1066342
589;1;641917
590;1;2929857
591;2;573077
592;2;21557446
593;6;16000266
594;1;9656068
595;1000;4532065
596;5;211058
597;1;93249
598;2;156737
599;1;6085096
600;1000;7353628
601;1000;2785468
602;279;834449
603;448;1992851
604;263;25235064
605;1;632469
606;1;13543190
607;1000;8544630
608;30;15161700
609;2;5645141
610;1;3232085
611;1;1487079
612;1;1292031
613;2;86134566
614;1;51996990
615;193;5055779
616;16;12455548
617;3;1565052
618;3;1247292
619;26;17903882
620;2;88267
621;1;197584
622;18;1085399
623;2;3981329
624;23;4885252
625;3;1317636
626;1;19480415
627;1;105752
628;5;382112
629;4;1284966
630;1000;4566512
631;523;7646592
632;39;4967289
633;52;3339123
634;10;2144689
635;1;342846
636;1;2656258
637;2;1007215
638;6;832658
639;2;4245139
640;250;2781984
641;3;1975436
642;3;3662243
643;3;962845
644;3;106338
645;1;574106
646;1;1826871
647;476;1104069
648;2;7929509
649;1;901797
650;3;76423112
651;1;6118521
652;2;1682306
653;109;3059597
654;8;2993552
655;13;3687582
656;30;3059681
657;3;1155989
658;8;3791289
659;2;2332203
660;2;4400265
661;1;3308027
662;2;187316157
663;806;26374118
664;3;2974171
665;3;4328595
666;1;1468634
667;1;3661480
668;1;5792006
669;1000;8056828
670;9;12472856
671;5;6238021
672;2;300085
673;1;2531568
674;2;12589397
675;1;3969028
676;2;1420341
677;10;2357371
678;1;45587
679;37;31663110
680;1;157420
681;1;379551
682;1000;2419926
683;2;2015402
684;108;511123
685;3;455545
686;1;4301797
687;2;1621384
688;9;838163
689;1;255307
690;2;916685
691;2;19823604
692;1;2055286
693;1;327173
694;1;558793
695;85;9734445
696;240;1395020
697;1;1076911
698;1;838484
699;4;7111903
700;3;248865
701;3;1348129
702;8;386932
703;14;4115095
704;12;45069548
705;36;4180574
706;1;353568
707;1;240980
708;447;2004696
709;125;1240474
710;61;7918880
711;7;4754987
712;1;66394455
713;2;1083113
714;1000;19140332
715;143;11782994
716;1;2105672
717;1;34217662
718;1;1746003
719;1;469384732
720;2;877971
721;3;697516
722;597;21380543
723;1;427302
724;322;7236832
725;1;22287894
726;2;1024654
727;1;164377366
728;9;2168308
729;177;2604521
730;2;748887
731;1000;3542411
732;6;2065215
733;1;2686593
734;1;271080
735;7;920565
736;13;1904003
737;3;5196767
738;1;16158383
739;1;8196436
740;7;629467
741;47;3776858
742;1;13025491
743;1;782747
744;1;104900
745;1;76863
746;1;32489119
747;1;108640
748;1;287859
749;3;60932131
750;8;65850392
751;534;3843949
752;1;3937281
753;7;5046139
754;6;289522480
755;1000;5572160
756;1;1228349
757;1;13283436
758;1;93237
759;1;2145498
760;1;661220
761;24;1482972
762;6;5080117
763;12;1873880
764;4;165722
765;4;384297
766;1;181656
767;5;16264966
768;1;406035
769;14;1441815
770;9;3120532
771;39;372037
772;889;13237205
773;1;2269549
774;3;17771949
775;587;11822805
776;10;662020
777;4;886366
778;3;370022
779;1;1492492
780;5;57554298
781;19;640149
782;1;6847239
783;1;156610
784;2;126377
785;2;3736218
786;2;1174804
787;2;2363259
788;20;482707
789;1;275050
790;1000;16293196
791;1;15467007
792;3;4529109
793;10;171126
794;9;2326468
795;7;1542883
796;510;564714
797;2;140245362
798;1;274506
799;1;1230350
800;1000;4375655
801;1;71433
802;2;91450
803;724;9595254
804;113;11183573
805;1;133609
806;42;725178
807;7;1456352
808;8;1829584
809;2;473060
810;21;194232
811;6;157210815
812;2;466507
813;2;72653160
814;1;452207
815;5;97688210
816;202;6793695
817;1;5040069
818;1;1771370
819;2;758710
820;6;9378151
821;23;170952165
822;3;528953
823;1;51750930
824;1;68920
825;4;1075730
826;1000;10708069
827;81;3362858
828;2;3160443
829;1;3496252
830;264;8189053
831;1;108783
832;63;1548821
833;1;1296772
834;3;122950
835;4;377218
836;1;769559
837;1;70741
838;5;6941390
839;126;972256
840;1;143197
841;11;3124448
842;19;23711430
843;1;16297815
844;37;424825
845;1;161088767
846;1;3741340
847;3;2478035
848;3;271410
849;2;827454
