447
22
341
264
307
188
83
136
45
71
24
152
109
41
592
688
259
12
35
157
210
21
199
164
4
327
237
124
102
80
120
123
222
172
292
185
65
154
281
28
250
274
100
43
38
110
234
79
14
3
25
16
8
19
397
66
67
85
104
111
118
119
128
133
137
153
156
215
239
271
278
493
333
60
249
23
112
265
15
255
33
161
57
311
88
236
56
30
114
159
177
9
183
17
230
334
158
90
176
272
92
93
184
160
117
27
324
162
59
63
224
195
26
58
48
209
213
11
75
44
226
323
115
173
211
319
0
64
267
320
29
218
127
82
296
291
131
298
170
7
163
2
103
303
266
212
252
74
194
268
130
86
325
55
336
203
332
31
73
189
5
69
6
13
10
39
32
101
197
37
36
171
40
18
62
84
1
72
53
192
129
51
78
81
20
46
139
322
34
97
47
232