367
399
531
683
707
747
799
805
841
850
878
934
958
977
1082
1087
1103
1145
1156
1199
1204
1213
1241
1246
1254
1264
1267
1271
1280
1283
276
478
626
687
792
894
962
1121
1192
585
657
667
644
636
662
635
600
608
677
775
990
627
640
661
624
665
660
617
650
593
643
633
676
631
630
679
590
603
689
621
483
896
912
980
658
616
594
629
668
620
651
623
602
632
589
618
601
663
685
622
671
591
686
648
649
696
691
612
611
634
619
681
597
659
836
1187
655
656
674
639
588
607
647
604
638
599
680
595
586
468
930
673
596
587
613
606
672
693
625
495
675
1153
598
684
690
695
641
1278
784
872
1175
694
697
642
732
1037
406
678
940
987
443
864
890
967
614
1058
692
1062
950
1007
1063
1161
710
1262
1286
572
76
144
899
1167
952
716
873
988
1226
731
869
1130
312
923
945
1019
852
615
1133
705
751
887
938
1050
1159
765
840
179
898
853
788
900
1017
1010
1068
1035
922
881
726
770
832
818
839
876
1043
1065
1085
1151
1237
877
346
807
791
722
1129
787
888
821
1052
749
803
1003
720
1200
848
405
835
862
345
868
1028
755
793
727
715
785
801
901
1174
811
847
698
838
1064
828
1078
1021
1057
854
885
806
790
1045
538
1072
908
778
767
505
762
797
825
1023
742
744
866
763
724
845
1140
1160
743
1071
915
1169
903
781
944
1059
706
400
786
892
905
1053
730
777
917
769
913
1120
817
1084
774
904
758
1040
815
891
972
1073
1126
761
816
879
827
1134
883
1076
897
401
1002
441
1012
703
920
1026
745
404
567
953
1282
780
718
1243
796
823
996
1038
1240
739
911
415
734
740
795
488
1224
1051
909
964
206
829
834
955
1220
771
646
1244
1287
752
414
833
837
1029
910
871
368
417
398
794
738
719
768
830
1092
886
859
824
702
338
843
773
498
733
708
1013
741
1077
721
884
870
737
875
746
748
772
855
956
914
782
736
437
413
754
926
756
916
954
487
753
490
863
1179
1209
701
499
347
412
717
906
410
219
919
432
895
948
728
902
757
371
735
713
364
528
918
712
428
933
442
339
723
201
409
193
960
783
858
846
937
205
959
141
411
577
489
504
217
408
831
1107
970
113
804
198
200
581
369
358
353
394
508
349
454
187
969
492
750
42
579
486
932
229
214
571
326
822
984
395
350
539
463
438
512
329
280
983
451
511
108
202
517
220
174
963
491
513
308
335
344
204
542
557
812
496
457
422
423
182
348
363
407
50
366
181
186
546
165
419
225
449
501
389
968
779
951
907
49
813
354
500
429
180
167
931
559
481
372
524
388
294
337
530
467
529
392
356
375
293
582
516
540
537
121
355
480
376
315
317
306
221
861
89
54
434
584
116
556
321
107
574
548
711
379
995
216
390
166
231
95
564
924
283
482
544
523
178
562
560
652
235
427
285
653
764
279
155
295
61
146
430
549
275
168
70
458
52
301
444
518
134
106
316
105
527
260
424
459
469
700
240
208
435
385
340
318
583
361
304
558
175
87
126
453
243
244
446
709
262
233
147
143
433
421
536
826
242
507
380
284
714
466
445
570
402
699
96
378
464
576
456
450
381
534
535
550
439
526
533
387
374
377
391
342
373
393
352
418
473
68
77
91
99
125
138
140
145
148
149
150
169
190
191
228
245
248
254
256
258
261
273
286
287
290
299
300
302
310
314
328
330
331
343
351
357
362
370
403
416
452
460
461
470
471
472
475
476
485
502
503
509
515
519
521
525
532
541
545
551
554
565
566
568
605
609
610
637
664
666
682
725
729
760
766
776
789
798
800
802
808
809
810
814
819
820
842
844
849
856
857
860
865
867
874
882
889
921
925
927
928
929
935
936
939
942
943
946
947
949
965
966
971
973
974
975
979
981
982
985
986
989
991
992
993
994
997
998
999
1000
1001
1004
1005
1006
1008
1009
1011
1014
1015
1020
1022
1024
1027
1030
1031
1033
1034
1036
1039
1041
1042
1046
1047
1048
1049
1054
1056
1060
1061
1066
1067
1069
1070
1074
1075
1079
1081
1083
1086
1088
1089
1090
1091
1094
1095
1096
1097
1098
1099
1100
1101
1102
1104
1105
1106
1108
1109
1110
1111
1112
1113
1114
1115
1116
1117
1118
1119
1122
1123
1124
1125
1127
1128
1131
1132
1135
1136
1137
1138
1139
1141
1142
1144
1146
1148
1149
1150
1152
1154
1155
1157
1162
1163
1164
1165
1166
1168
1170
1171
1172
1173
1176
1177
1178
1180
1181
1182
1183
1185
1186
1188
1189
1190
1191
1193
1195
1196
1197
1198
1201
1202
1203
1205
1206
1207
1208
1210
1211
1212
1214
1215
1216
1217
1218
1219
1221
1222
1223
1225
1227
1228
1229
1230
1231
1232
1233
1234
1235
1236
1238
1245
1247
1248
1250
1251
1252
1253
1255
1256
1257
1258
1260
1261
1263
1265
1266
1269
1270
1272
1273
1274
1275
1277
1279
1281
1284
1285
1289
1290
1291
1292
1293
1294
448
484
386
543
645
520
382
383
151
431
553
251
360
241
269
289
669
514
426
420
494
207
563
247
497
578
305
384
98
510
196
122
288
474
253
580
263
359
142
573
522
569
440
270
223
462
555
246
94
552
132
465
575
396
238
257
561
759
227
654
425
1032
670
297
436
1025
455
941
135
1276
309
1093
477
479
893
1194
1249
277
282
313
365
547
628
704
851
880
957
961
976
978
1016
1018
1044
1055
1080
1143
1147
1158
1184
1239
1242
1259
1268
1288
506