 Loading the index...
 Index loaded 38617900924 bytes
0;6461818;601000061066
1;463380;310910722395
2;22184113;120753303270
3;7763365;601000428828
4;510754;338181243312
5;57;1727296835
6;518517;51142393453
7;33898;35659705362
8;3165639;601000464356
9;80036239;601094904824
10;734022;73492263209
11;3631906;257616796387
12;529446;277694865238
13;57;1782118900
14;21847495;601000863534
15;0;601611076037
16;3595006;601000633873
17;122495505;601116174055
18;1075685;72925729921
19;1951034;601000545655
20;0;136759263
21;79738;714401213
22;20238;82668823495
23;7362457;601000045082
24;62481107;504070287474
25;59743105;601000028377
26;1450219;19909821970
27;65864393;601000024079
28;91568775;601000109869
29;51872623;44508675285
30;21180249;601853043447
31;20596773;523059548402
32;7379103;92574019019
33;1729935;5021806787
34;128798;3454024466
35;565423;11400402769
36;183;101846873128
37;821107;57100900370
38;111324312;601000265738
39;1078692;19165388469
40;2395199;80078031287
41;2395215;49348868181
42;672925;29390458316
43;79597;10870895383
44;8;1935606210
45;2147628;82678384632
46;229;3912030182
47;0;2584192
48;71;2282515373
49;1709097;50884530935
50;680330;18138571527
51;5799;289869702
52;739946;26693888753
53;736248;19479515776
54;2728617;74724938048
55;3583;175990049
56;26585;8073308933
57;0;2987977971
58;83;1924337931
59;79;1927671391
60;46654662;601000174527
61;66135;2907682860
62;95;18332027
63;10934795;24104855574
64;1194560;33132937082
65;3409392;76187854279
66;0;92157609
67;0;22232104
68;28;25088754
69;20;53826424
70;739946;26325460181
71;2395247;51468478105
72;5680;2326087222
73;1104;606466342
74;2267;188479822
75;12333216;601000201079
76;822121;14681645324
77;124479;2125011525
78;288910;8446487587
79;90566242;601000192804
80;1407552;41146065829
81;32319;2117495793
82;243838;4909128391
83;25;6316962
84;200;18049977
85;398;16152194
86;692;53350367
87;1140459;21583503494
88;108042;3803296987
89;44711;1171011768
90;149144;6742517559
91;23;3390830
92;32109;7904962239
93;26588;6904928230
94;3144070;48894329289
95;680330;11901062140
96;149658;2654935198
97;663028;42910829727
98;20102;818833429
99;55733;316937948
100;46522649;601000134046
101;2109;1245816446
102;4294929;20213827754
103;1157;237761974
104;41;5028514
105;655797;19025613224
106;929304;23291221738
107;1052082;27118739933
108;1413109;29422357540
109;0;20726735
110;245587;9466968507
111;235601;9307120956
112;77902205;601000154314
113;5011;1266308416
114;50665;6316800241
115;1512565;116770070758
116;212298;5480359070
117;4657;2980165966
118;0;61303
119;0;17847
120;2489818;3166739687
121;114518;2976111439
122;0;2016998942
123;1329846;37184756554
124;565246;5520547267
125;606;32200640
126;52463;2137288609
127;55485;1306183684
128;55196;329888836
129;1408;127914833
130;52998052;330466606354
131;605;2026237264
132;0;234056681
133;6219;263751462
134;110138;3825698239
135;585;17090699
136;1;15512514
137;1;22131402
138;322;24250802
139;846238;46084433375
140;50;60230610
141;586720;5643344416
142;106824254;351216835817
143;84378;5170512197
144;62;50554705
145;17935;376636091
146;129479;1943406722
147;107804;3614969114
148;8557;315510547
149;3339;121118249
150;99;88342195
151;9589898;69508477007
152;2457464;53991150442
153;10522;761295877
154;637640;7727503083
155;2742276;48183024162
156;365;41728629
157;10510545;41071439981
158;4356;3167065313
159;2633;1971873936
160;4616;2987707993
161;2862;1610859235
162;922;1048253228
163;234355;4901041977
164;762948;4902749421
165;722671;7999007153
166;63949;1310130650
167;332867;7584655154
168;141917;1974637129
169;5407;68520152
170;2524335;49189510679
171;135714;5027576494
172;856814;12818705164
173;9847936;127574736757
174;3555045;61432782672
175;237239;2001816591
176;2442620;44660903544
177;12879;2950207446
178;3200584;30561071452
179;399879;1873724099
180;90897;2052360388
181;90897;2058824742
182;174663;3543269567
183;147007;2610243279
184;116959;2482362735
185;2672197;35250490962
186;159141;1867390539
187;2419655;26426434536
188;307703;4271486900
189;0;37494394712
190;118;50287627
191;7068;101920787
192;16359;597610393
193;1059972;20651000433
194;0;123385759
195;126384;774836166
196;159399811;247815759634
197;369381;221301102574
198;414778;5096817022
199;2650177;33264545098
200;166950;1994277051
201;296;122889521
202;440287;4447045256
203;2267;162360591
204;1611544;32574629960
205;3552567;30101089630
206;3880057;56236448300
207;84605694;601045128405
208;35109;2882284481
209;39872215;236295945487
210;1802014;24641675902
211;1301;1805584337
212;27159;450776580
213;1191;1428576925
214;14048307;133369358652
215;0;38213
216;822121;8124208484
217;332867;7639980138
218;7491937;81108003061
219;4376775;53078523965
220;375892;4122899619
221;502203;6703488242
222;289032;3149381738
223;18;5050779231
224;2986807;52298895340
225;368759;7020011994
226;13125049;78323236474
227;86;81615827
228;12;4146953
229;1132302;18163291801
230;846042;3435232982
231;80982;1305783756
232;18;3630752
233;16424892;382336644544
234;6309820;61408870550
235;1059972;20637434140
236;9607;2365738813
237;186246407;524281994759
238;1848;3307452695
239;57;1103723158
240;438265;2840183081
241;12536186;113579228585
242;124425002;601199099592
243;332867;11535704821
244;3285215;61539254266
245;78;98710409
246;48924719;507142533684
247;2156;981192812
248;8551;146072921
249;48291742;601000167888
250;4596072;52505270811
251;184770;1798428443
252;3137615;41514020425
253;187144;1771122333
254;72633;2721923308
255;3891;1732388493
256;201;4111848
257;18172000;463043406246
258;432;248145997
259;4514666;17782671987
260;228463;3188326526
261;171;8143232
262;58690;1165710524
263;34344;550551842
264;249427;1839201809
265;9803;5134498699
266;16481;228600691
267;618358;4189096639
268;274375;2598066147
269;49621;1333307093
270;3139658;22052196940
271;0;31193
272;186092;2030358231
273;257;34475991
274;1090250;22535893793
275;214384809;601014190508
276;5;7884512908
277;189207;9928160814
278;617;10551158
279;3717701;44108921211
280;379478;8569243324
281;511366;16859768857
282;0;3312541
283;17943531;141232780499
284;78957;2496308209
285;2556723;48797605974
286;340;87160580
287;202;30413604
288;2820013;25082175120
289;79377;1665496258
290;5099;444434230
291;37794;566011477
292;433412;12305793233
293;2788161;63950887029
294;720809;22459883381
295;15063;547847016
296;3130253;94514676308
297;2225;114654710
298;144886;7372174854
299;0;59838
300;1508;37216248
301;17769;560884822
302;29;14384000
303;126329;1813622968
304;490806;6718211855
305;0;1146893005
306;2524922;54324776604
307;256356;2345925147
308;363588;6412722991
309;330;14387411
310;1096;24529187
311;225382864;601180018158
312;199734;6006296309
313;68;4078119
314;38;2304836
315;46266;744735696
316;129547;1615357702
317;333069;3436409149
318;228945;2696178897
319;2141139;65792740576
320;2202938;33878256733
321;1611544;41098316362
322;252096;30190402080
323;703;1882418762
324;697;839759236
325;3419076;46192487984
326;2457552;42899109171
327;637888;9060841115
328;362;29312403
329;595288;23955664363
330;0;8481366
331;11088;571497224
332;5252;59843555
333;170145102;601000130382
334;267;18813727103
335;9154313;120181725302
336;53224;2892834397
337;750224;13798354397
338;4691808;45524129325
339;3924906;33977035402
340;84467;1587130473
341;968480;4897187272
342;53293576;601000079341
343;4777;47049068
344;1667791;25750441134
345;7482711;109405884257
346;9826268;132886104458
347;3055737;26548508408
348;1221020;19123220942
349;333775;9229753043
350;74248;2451297321
351;209153;501698510
352;49921438;601000097987
353;65742;1724591538
354;4581915;38231962272
355;567048;6628153835
356;373600;7501985782
357;10151;150169537
358;1232253;26134725285
359;0;12010505116
360;3896710;31138324675
361;12724749;134725619177
362;609;15493986
363;19035458;198217369249
364;5600;164816397
365;10;527459
366;169512;2279801960
367;8;2054525
368;51806028;567428300817
369;4694656;39569738188
370;12988;256196086
371;1034781;14369822937
372;91551;1617969284
373;61623429;601000070902
374;54371552;601000056969
375;10147296;105454082264
376;9334577;80905834332
377;59409978;601000076776
378;19207426;115832686090
379;16834611;88981083801
380;9661345;95256813345
381;9661891;94940406206
382;26973329;166399889906
383;19026878;111369210733
384;36605538;188651630376
385;8472299;53084033747
386;8151664;85823753176
387;60999192;601000075606
388;9846037;83159997205
389;17015427;76703205180
390;10381766;47811584135
391;68490851;601000077429
392;5739037;53738772193
393;106926060;601000148864
394;12799;191219465
395;3925529;63183545435
396;17413;188779681
397;849074;601000041064
398;18898684;205300714655
399;60;1921138
400;6868143;119272833932
401;4114209;32958829674
402;815186;9496505858
403;1660;49077163
404;7050143;130216336926
405;7482711;109416524291
406;38099599;127868825239
407;76946;1357879379
408;41106;525193986
409;332973;7380674021
410;14816616;184964261076
411;12152;164717618
412;8713;296746078
413;6046;138654766
414;1050754;11056795864
415;878810;13582082995
416;19;7610354
417;2557738;46684564241
418;114352837;601000029783
419;3285215;47929107458
420;0;13090309041
421;1594397;21110292686
422;4387507;53711924500
423;359667;2705727621
424;1016291;4732104650
425;3284;107596153
426;74965074;167927293784
427;410745;6049389649
428;725974;7907236229
429;185197;4451635356
430;387346;4460183507
431;100007547;601000153935
432;3705926;52792249455
433;122080804;601000028538
434;2965479;36656196429
435;19381788;79999913324
436;5185;35482893
437;1096746;13451016904
438;1613715;37646884416
439;71084153;601000026416
440;66659278;433873677175
441;3555064;40781306303
442;49516209;208199094047
443;44986913;138014889927
444;3608502;65494036067
445;5058550;63451494710
446;796994;6065731447
447;0;427339882
448;56703189;601000064131
449;166092;3783162814
450;67108865;602194811071
451;1057670;17293558147
452;344;7085368
453;499351;7329575292
454;223798;2494456161
455;781;33851041
456;38632553;423420425643
457;1637512;26447556295
458;1195488;14597607927
459;10197290;114065832232
460;91;130542610
461;657;12058821
462;23;3022986841
463;203829;4689442392
464;183070913;601035732948
465;9649;2447616942
466;4596658;68661814721
467;2110012;23002028353
468;5384;114108346
469;3423273;41701091243
470;2471;125074435
471;7;351572
472;62;202327356
473;36259801;601000080889
474;55;625928854
475;0;22010953
476;0;35204627
477;0;10775243
478;0;10432260
479;0;8941436
480;275992;5701791378
481;2833224;42389976523
482;677986;6896702625
483;701;20900731
484;60807373;601000077969
485;5683;1576404620
486;624905;13016413715
487;6932857;121988153947
488;3561417;65698994646
489;19852610;77662308634
490;12694607;63537630192
491;1148317;16112365187
492;19022029;230704673925
493;6;1062532
494;9620;1425653161
495;5212;37757015
496;332973;7369506369
497;9620;1256934371
498;7217008;104251838141
499;2205131;25063881261
500;79997;1227029200
501;61806;864089262
502;0;600998342
503;140;4830346
504;1063629;22617666547
505;10325660;45086160102
506;17;121316731
507;12679290;93146037713
508;326956;4715892754
509;221;34361109
510;9182877;20824288256
511;163257;2206831698
512;25826;440534905
513;234039;3109307511
514;3693290;25492021157
515;3581;122973694
516;105656;1877224771
517;215600;2502361879
518;46630;1192292802
519;1842;34305622
520;76247356;601000063765
521;27890;2045591987
522;23887;1959976906
523;20001889;308111721195
524;0;231158419
525;3186;304404150
526;19164962;48942651306
527;0;448341292
528;2936517;46784645057
529;20112;342042462
530;366685;3527300410
531;20;642958
532;6207;208365519
533;107670025;601032566025
534;105781189;602349084207
535;98119205;602460016621
536;107882;2984894538
537;2428364;27722465009
538;12314348;49496918687
539;103054;1384874812
540;2032438;28126652470
541;370;863484847
542;42878;917525756
543;72993264;601000080945
544;35;997516414
545;746;25508826
546;438840;11508415526
547;193;3514728
548;1232253;25800248596
549;1313129;28014639529
550;2738525;48629029033
551;315;43497364
552;19088327;137583687424
553;4050562;45358986729
554;2;219537
555;15;2282779326
556;62510;2155288467
557;108350;2420695636
558;2094654;26657884751
559;119019;2252387857
560;56081;956082428
561;6641;146977017
562;743163;6055301356
563;6668291;15228555015
564;1273990;22416078564
565;50;874327
566;490;53680382
567;11264;247215828
568;86;37814565
569;13387738;232629204341
570;2109419;22522792876
571;13539;420478479
572;669238;2686274431
573;8422709;94570959039
574;2738525;49162629027
575;11810;602157167
576;74549350;601000536567
577;17442368;370331097353
578;625158;6082849464
579;1228733;24897111857
580;128912554;509122292087
581;1892391;34012664970
582;30293668;377104422966
583;75883041;601000149896
584;211962;4966233343
585;1191;108128080
586;5305483;97443739514
587;345211;3216207657
588;18441082;242799034275
589;222258;3036671058
590;168900;4616004531
591;4654097;27545129217
592;54;1883253043
593;44565;919519949
594;0;6602192720
595;20800589;73861326382
596;427299;7464890748
597;2891704;42002762946
598;14912804;266289375026
599;6932857;123926293011
600;4748;236743074
601;12863771;161652050398
602;62845;1867392629
603;38518;578386409
604;3561417;65375957246
605;93;2480841
606;2526043;41147221677
607;414635;7231980155
608;17607;60895624
609;0;53637
610;24;812627
611;2036057;45179431120
612;426116;4614512152
613;7294053;105051042868
614;19069160;94392320720
615;1586;378853549
616;3139680;36289155218
617;119;5400883069
618;183608;2306634087
619;203749;2084253904
620;3501401;66235390912
621;91455;1337896713
622;7245544;55432599282
623;132838;2130118150
624;9380;309135726
625;484413;6559458720
626;0;4697387
627;1233;790208730
628;47;1350836
629;201859;2662772495
630;722373;20861991668
631;429941;10586996430
632;220692;2999321817
633;0;1193350762
634;492395;6053809535
635;0;401872510
636;0;79950200
637;0;41798
638;3882061;61372450408
639;113161;1069704787
640;6202;827679923
641;3723279;42518388370
642;407;71867696
643;23784;623151061
644;293;55268674
645;67406423;601000074191
646;11409;1211567717
647;2454492;26861172383
648;99891;1247181215
649;3645507;66603969383
650;7187;494837551
651;650934;12978137482
652;162748219;601043643843
653;330300216;602910088940
654;820801;15443413221
655;333140;4417402574
656;582565;4621501887
657;267;12629755
658;22224;329397344
659;9674931;36636429504
660;118554;531211507
661;5860;186638569
662;2641;84241015
663;607171;2765988511
664;6;414089
665;68;47932829
666;170;5252106
667;4280;102271952
668;67706;1361051389
669;86727825;601000450456
670;60571;3358733971
671;626020;12759259709
672;45751749;481021085173
673;76232;1629260828
674;1259491;5190288853
675;595;24376365
676;57370;731147034
677;302;7505195
678;286237;3719150748
679;11945;155900196
680;14876012;258035198249
681;1136091;7718120309
682;260;27972010
683;34;2007274
684;1076560;8874030295
685;47005;782339966
686;268369;2606658036
687;0;4184719
688;193726;4023863397
689;541406;7042119639
690;2305954;31557889093
691;4431877;89963172335
692;32870;379709906
693;17470183;271416911998
694;2543529;21056295657
695;2305954;31728758980
696;39523;419610245
697;13361139;140872541706
698;105901917;502703862905
699;66716959;602020006219
700;49516226;306788975480
701;2024347;13102362022
702;3295655;32492879844
703;1016291;2485669296
704;23;455449
705;5938;60356177
706;414046;3818845111
707;56;649589
708;7050143;59707009409
709;133327691;601089159420
710;53883271;335491238442
711;4596658;29570707952
712;10089284;62096838090
713;78222146;486470809022
714;2;2145117386
715;5267;66742365
716;23387;222610038
717;53883271;398694290441
718;311464;2975517616
719;569346;4299171459
720;11750;130439131
721;2980035;24765089371
722;1323002;12665732258
723;3975887;26084510420
724;2674442;23466752702
725;8;235587
726;84996;923147364
727;696532;6793450289
728;7259361;53958186820
729;15;350800
730;1644219;10626844162
731;137245;1591755081
732;3033;34021037
733;1599231;13504173723
734;3659334;34116196062
735;3822987;29878949711
736;39609445;345917261018
737;53883532;446434872279
738;949234;8913189103
739;3926322;32368845204
740;2521730;20858469072
741;13161;194424692
742;761610;7044836075
743;1671263;17133703817
744;796428;7693428091
745;771676;4741201266
746;480682;4053405649
747;110;1594088
748;1051344;7727662273
749;103432;982872544
750;636892;3655241263
751;39264;413043290
752;2097300;19909660374
753;1033124;5678272501
754;14895138;131090250921
755;554525;5910248025
756;1164381;6207401718
757;3063058;19872394281
758;1409679;10095310574
759;16912;189879221
760;4293;52533514
761;323065;2863343656
762;76405;847102246
763;202527;2129514316
764;5008960;25908932569
765;1265322;11761017434
766;22;474079
767;70352;915703725
768;783309;5888941077
769;1375583;14147148104
770;433028;4507108101
771;2484925;24007888477
772;16588;191961291
773;1029704;7447355204
774;306780;2886713393
775;4783;9337422
776;413;4334760
777;102306;733027331
778;53142;631711732
779;1286292;6861071620
780;1225909;12487620668
781;73132;659969034
782;17457608;159343437823
783;105493;1291841679
784;6550;61151261
785;9419;135776376
786;16172;220645830
787;30452;325410215
788;149063;1331086739
789;104;1106898
790;377209;3808928872
791;45953;381509197
792;405;5279546
793;1057461;7686053785
794;247949;1561492941
795;446067;3911092320
796;499741;2250771300
797;24268;280111290
798;13;277104
799;24;432229
800;11;215953
801;34595;405849772
802;71;965408
803;98563;1107128247
804;2520538;15820969447
805;28;567398
806;13030;206248105
807;576315;5620477822
808;16;402681
809;16;373190
810;12;247159
811;528465;6026313300
812;19961090;157850683737
813;3081;297733125
814;1607;24361645
815;680052;4992799034
816;141984;1138881856
817;2006726;20219694512
818;179630;2216707454
819;124;1761229
820;1655;23191040
821;150113;1152254906
822;19430075;157493196669
823;970133;7779135705
824;4434689;45991632767
825;41031;441126587
826;19069160;85993390210
827;19341438;176732273439
828;172137;2099814853
829;61525;412657548
830;1670326;11002402643
831;1713264;9094734595
832;266176;2465329498
833;2526106;20775002050
834;7171;81997501
835;234699;1910855291
836;1466;16654941
837;411313;3699895678
838;70346;539111354
839;11196;125333088
840;30306;361575911
841;62;890858
842;82;1170778
843;43652;350032855
844;693;8259732
845;77287;851879685
846;15531;126751605
847;2068494;20355734693
848;88403;919043352
849;3065;41380646
850;260;2829991
851;176;2556658
852;15109;174973077
853;626020;6266114218
854;574760;6115610949
855;69469;672781544
856;582;10866153
857;27;471215
858;805784;4630949244
859;866243;5978907169
860;1491;18687754
861;158454;911574536
862;933981;8855921530
863;10817;105814862
864;2485;37018004
865;154;1784459
866;184377;1501651813
867;4669;54970869
868;84900;864832862
869;12586;173170849
870;281719;2504434976
871;1243181;10704396609
872;3320;37322693
873;3991;55408213
874;382;4144555
875;24111;189000324
876;10279;127237826
877;94526;1080953342
878;45;732870
879;538470;4084626599
880;6;203106
881;99151;1246541169
882;3903;62079745
883;150737;981005898
884;1493105;8538465878
885;133197;1313158109
886;13861;87529897
887;11054;118685792
888;33970;456544553
889;10;240455
890;3470;40013153
891;47014;522398256
892;16941;219492078
893;623;7501307
894;444;4625234
895;11019;114266227
896;981;13894208
897;75520;534378066
898;26744;240869258
899;7832;104005905
900;59538;727116082
901;9766;134004371
902;18499841;179032035811
903;396347;4004188128
904;525375;4810936112
905;518859;4725785707
906;1832505;9345104549
907;16611881;113242870175
908;742859;4237030658
909;742048;4181124462
910;558667;3984065484
911;561776;4034594689
912;1008;15050724
913;839242;6913406212
914;469088;3044178363
915;152169;1350837267
916;1136249;6512940322
917;620266;2206288655
918;993367;4584675691
919;997151;4790683736
920;509535;3638683717
921;100;1199427
922;31322;305656837
923;30290;400489619
924;18421701;132003645753
925;1;212534057
926;4654;713234625
927;2;244088
928;113;10068596
929;73;25922808
930;647;23620863
931;302342;1933486809
932;188093;1121397012
933;71820;973383670
934;459;2275446
935;670;23866793
936;0;45720
937;3421;131811171
938;39231;180415816
939;137;880367
940;6115;74555144
941;5386;21420212
942;7;140355
943;20;1302975
944;67340;291793534
945;13271;116381178
946;0;28150
947;2;232583
948;224218;799121636
949;31;3665420
950;33;44510000
951;3200584;9774657571
952;1964;220495177
953;17285;85509639
954;166950;630367065
955;1274;83544218
956;96310;391013063
957;203;1913884
958;666;2759098
959;375892;1346060940
960;199734;767462996
961;107;1829685
962;1789;5299286
963;722671;2626463675
964;149714;851018659
965;2120;10917657
966;258;1437330
967;11265;40473526
968;51263;224995357
969;239493;943141943
970;304018;1575645536
971;0;368960
972;3207;77393769
973;36;876530
974;32;281680
975;52;10128134
976;15;1103316
977;37;3487135
978;35;670746
979;0;27092
980;116;13627930
981;3;171178
982;31;471922
983;745440;2946228386
984;2082771;6075031188
985;403;43606068
986;1301;28121980
987;5672;74694890
988;372;56418777
989;65;9845958
990;282;10591205
991;4105;23666728
992;11;4754628
993;731;13297348
994;77;1290557
995;19069110;46084736840
996;23634;288950138
997;59;430097
998;50;6065609
999;63;762949
1000;0;53648
1001;0;11596
1002;184339;317722439
1003;4691808;6528364103
1004;1399;46138520
1005;0;21234
1006;764;3607412
1007;144264;261763263
1008;20;112398
1009;183;1404819
1010;230708;309215643
1011;54;532077
1012;19069110;17000104961
1013;4097222;4849314474
1014;54;31968446
1015;0;40604
1016;233;1625644
1017;195693;374405767
1018;71;573886
1019;153800;361797727
1020;198;259090
1021;211962;414441239
1022;5674;24491596
1023;199974;430175665
1024;156;967512
1025;12562;26595018
1026;206964;317703521
1027;131;1147575
1028;258263;543482574
1029;588515;444314851
1030;339;2439655
1031;634;3536833
1032;38580;58797710
1033;351;2099426
1034;13692;48917735
1035;396024;628061361
1036;1382;7368547
1037;10331;35872129
1038;157591;245957550
1039;0;29590
1040;262144;375064704
1041;11686;42516732
1042;1;52622
1043;103530;126552088
1044;357;1728619
1045;222258;495210945
1046;0;30342
1047;1335;7357142
1048;10;101030
1049;14;141237
1050;82319;179898156
1051;3228908;4722791582
1052;439921;742611681
1053;865713;977154420
1054;8;110053
1055;0;15320
1056;3842;18043913
1057;524968;783720595
1058;71037;206939920
1059;421796;594248311
1060;74;772372
1061;4897;19022120
1062;44786;126995711
1063;29171;43121530
1064;239574;551363720
1065;21182;65735748
1066;1;48520
1067;1;38731
1068;2109463;2810498545
1069;63;21571476
1070;4619;6834875
1071;378575;736557545
1072;167373;352789435
1073;27333;74636958
1074;20;226616
1075;751;4093821
1076;465556;937149654
1077;43647;93932819
1078;1094276;1608481844
1079;37;14582334
1080;309;2312660
1081;0;17167
1082;1089;3702193
1083;9641;15926028
1084;330614;534523109
1085;19260;65828278
1086;1;53760
1087;60;443994
1088;0;14030
1089;0;13920
1090;0;12125
1091;0;13526
1092;1286260;1981929410
1093;0;9603994
1094;0;15587
1095;0;12453
1096;1;53273
1097;0;12320
1098;0;10325
1099;102;115077
1100;0;13663
1101;150;1014024
1102;0;17888
1103;62;394115
1104;67;349290
1105;8;85798
1106;45;378892
1107;56069;141953444
1108;167;338625
1109;922;4116665
1110;1599;5207041
1111;341;923705
1112;2;48777
1113;295;1527282
1114;0;14900
1115;0;12615
1116;0;11877
1117;20;64755
1118;559;2948553
1119;1;31540
1120;763057;921014920
1121;1128;5889040
1122;2;55144
1123;1;30802
1124;1;30939
1125;285;990061
1126;54622;155736263
1127;21;246795
1128;42;369755
1129;738071;1460908796
1130;210282;529312692
1131;131;1051687
1132;1;41808
1133;169577;354431086
1134;2465671;3211398977
1135;49395;110026585
1136;42276;59888504
1137;29;271357
1138;4;63958
1139;1000;5274418
1140;33967;72007484
1141;29;188605
1142;805;3541613
1143;249;1467571
1144;11;116100
1145;681;2585117
1146;108;623774
1147;54;361865
1148;89;622657
1149;733;3783832
1150;8148;12998601
1151;25269;63204009
1152;7;110041
1153;13846;54207724
1154;318;1246980
1155;3;52995
1156;299;1676714
1157;1;31982
1158;366;1822774
1159;67585;180248953
1160;51987;146583540
1161;35084;85917611
1162;40;299482
1163;1;51565
1164;1;33435
1165;0;18263
1166;204;211278
1167;25239;51276112
1168;1;47288
1169;530395;884195361
1170;473;2878453
1171;7;70332
1172;0;16096
1173;1420;5506459
1174;95840;141515936
1175;7172;30717625
1176;40;321144
1177;15528;33807316
1178;282;1521176
1179;52516;106033069
1180;1;59922
1181;5344;17088918
1182;14;109783
1183;38;257485
1184;114;698857
1185;1;31132
1186;55;265170
1187;5335;19019688
1188;2;65056
1189;23;179209
1190;222;1027709
1191;305;868790
1192;1542;7659197
1193;37769;71099264
1194;1429;6129505
1195;3;65557
1196;6698;28600817
1197;0;29520
1198;34;315359
1199;534;3011261
1200;56842;129844847
1201;8890;29717427
1202;45;206058
1203;9296;27803960
1204;1;48670
1205;1;36924
1206;9;68994
1207;20;196470
1208;890;3707938
1209;34897;106942513
1210;6002;27482903
1211;7;100588
1212;1;39917
1213;338;864334
1214;16;120550
1215;1;32435
1216;1;28673
1217;4123;15998517
1218;35;290378
1219;27;215387
1220;42888;83685510
1221;1511;7643770
1222;222;1268129
1223;210;951373
1224;133534;341070012
1225;3600;12131058
1226;18963;55340732
1227;17;158015
1228;277;1505167
1229;114;620626
1230;0;18090
1231;0;2313
1232;1491;7481851
1233;13;165992
1234;6;73345
1235;5581;12411884
1236;38;334985
1237;84342;127274332
1238;1341;4495388
1239;78;479590
1240;148678;246899895
1241;50;520582
1242;320;2144076
1243;666426;838036713
1244;316590;438545949
1245;0;24464
1246;259;1877053
1247;1;43587
1248;1;29965
1249;1051;5981060
1250;1;39790
1251;1;23702
1252;3;39152
1253;2;32760
1254;479;2731489
1255;1;32998
1256;0;12840
1257;0;10048
1258;0;8855
1259;0;7917
1260;0;17808
1261;0;6826
1262;12912;47312786
1263;1100;5252386
1264;150;973187
1265;10183;29316371
1266;2721;11766981
1267;500;2745608
1268;269;1469721
1269;1;36399
1270;3649;7784574
1271;654;2608693
1272;72;415478
1273;860;3419093
1274;34;262825
1275;13;94238
1276;3394;13849622
1277;1501;4855178
1278;24969;58200301
1279;5;88558
1280;185;1215707
1281;70;500472
1282;27503;82659738
1283;27;270743
1284;215;985446
1285;76;519685
1286;13472;48313097
1287;299485;426649249
1288;1;62797
1289;1;25575
1290;1;40355
1291;1;31792
1292;68;485057
1293;9;108050
1294;0;16450
