 Loading the index...
 Index loaded 38617900924 bytes
0;1000;482728000000;482728000000;1000
1;1000;888000000;888000000;1000
2;1000;16000000;16000000;6
3;1000;16000000;16000000;4
4;1000;1232000000;1232000000;1000
5;57;1688000000;1688000000;57
6;1000;88000000;88000000;1000
7;1000;516000000;516000000;1000
8;1000;312000000;312000000;1000
9;1000;12000000;12000000;1000
10;1000;84000000;84000000;1000
11;1000;156000000;156000000;1000
12;1000;996000000;996000000;1000
13;57;1728000000;1728000000;57
14;1000;200000000;200000000;1000
15;0;600908000000;600908000000;0
16;1000;236000000;236000000;1000
17;1000;4000000;4000000;1000
18;1000;76000000;76000000;1000
19;1000;380000000;380000000;1000
20;0;60000000;60000000;0
21;1000;8000000;8000000;8
22;1000;4880000000;4880000000;1000
23;1000;52000000;52000000;599
24;1000;16000000;16000000;767
25;1000;8000000;8000000;895
26;1000;16000000;16000000;721
27;1000;8000000;8000000;738
28;1000;8000000;8000000;1000
29;1000;36720000000;36140000000;1
30;1000;176000000;176000000;120
31;1000;1324000000;1324000000;130
32;1000;12000000;12000000;49
33;1000;16000000;16000000;24
34;1000;68000000;68000000;60
35;1000;68000000;68000000;1000
36;183;99548000000;99548000000;161
37;1000;68000000;68000000;920
38;1000;4000000;4000000;31
39;1000;20000000;20000000;198
40;1000;3068000000;3068000000;1000
41;1000;24000000;24000000;1000
42;1000;36000000;36000000;807
43;1000;144000000;144000000;751
44;8;1924000000;1924000000;8
45;1000;44000000;40000000;1000
46;229;3892000000;3892000000;229
47;0;0;0;0
48;71;2268000000;2268000000;71
49;1000;20000000;20000000;256
50;1000;20000000;20000000;468
51;1000;52000000;52000000;957
52;1000;28000000;28000000;907
53;1000;28000000;28000000;998
54;1000;16000000;16000000;296
55;1000;32000000;32000000;996
56;1000;336000000;336000000;566
57;0;2980000000;2980000000;0
58;83;1912000000;1912000000;83
59;79;1912000000;1912000000;79
60;1000;20000000;20000000;990
61;1000;20000000;20000000;773
62;95;20000000;20000000;93
63;1000;204000000;204000000;1
64;1000;28000000;28000000;601
65;1000;16000000;16000000;437
66;0;36000000;36000000;0
67;0;20000000;20000000;0
68;28;24000000;24000000;28
69;20;56000000;56000000;20
70;1000;32000000;32000000;907
71;1000;24000000;24000000;996
72;1000;468000000;468000000;487
73;1000;336000000;336000000;1000
74;1000;72000000;72000000;802
75;1000;8000000;8000000;1000
76;1000;16000000;16000000;492
77;1000;8000000;8000000;175
78;1000;24000000;24000000;780
79;1000;8000000;8000000;4
80;1000;28000000;28000000;898
81;1000;80000000;80000000;895
82;1000;16000000;16000000;999
83;25;4000000;4000000;25
84;200;20000000;20000000;199
85;398;16000000;16000000;317
86;692;52000000;52000000;669
87;1000;12000000;12000000;297
88;1000;32000000;32000000;990
89;1000;12000000;12000000;243
90;1000;32000000;32000000;1000
91;23;4000000;4000000;23
92;1000;288000000;288000000;566
93;1000;288000000;288000000;566
94;1000;8000000;8000000;358
95;1000;12000000;12000000;468
96;1000;20000000;20000000;1000
97;1000;20000000;20000000;158
98;1000;48000000;48000000;982
99;1000;4000000;4000000;3
100;1000;12000000;12000000;769
101;1000;96000000;96000000;1000
102;1000;56000000;56000000;80
103;1000;144000000;144000000;812
104;41;4000000;4000000;38
105;1000;24000000;24000000;854
106;1000;20000000;20000000;768
107;1000;24000000;24000000;870
108;1000;8000000;8000000;248
109;0;0;0;0
110;1000;72000000;72000000;1000
111;1000;72000000;72000000;1000
112;1000;8000000;8000000;1000
113;1000;28000000;28000000;912
114;1000;112000000;112000000;1000
115;1000;72000000;72000000;1000
116;1000;20000000;20000000;990
117;1000;612000000;612000000;991
118;0;0;0;0
119;0;0;0;0
120;1000;2700000000;2668000000;1
121;1000;20000000;20000000;992
122;0;2024000000;2024000000;0
123;1000;20000000;20000000;678
124;1000;8000000;8000000;1000
125;606;32000000;32000000;380
126;1000;44000000;44000000;1000
127;1000;20000000;20000000;1000
128;1000;12000000;12000000;1000
129;1000;100000000;100000000;1000
130;1000;32000000;32000000;112
131;605;12000000;12000000;603
132;0;232000000;232000000;0
133;1000;52000000;52000000;1000
134;1000;24000000;24000000;549
135;585;16000000;16000000;573
136;1;16000000;16000000;1
137;1;20000000;20000000;1
138;322;24000000;24000000;322
139;1000;108000000;108000000;1000
140;50;60000000;60000000;44
141;1000;4000000;4000000;38
142;1000;4000000;4000000;1
143;1000;16000000;16000000;307
144;62;52000000;52000000;62
145;1000;16000000;16000000;513
146;1000;16000000;16000000;534
147;1000;28000000;28000000;894
148;1000;24000000;24000000;719
149;1000;32000000;32000000;1000
150;99;88000000;88000000;99
151;1000;8000000;8000000;2
152;1000;24000000;24000000;996
153;1000;84000000;84000000;1000
154;1000;16000000;16000000;1000
155;1000;16000000;16000000;891
156;365;4000000;4000000;9
157;1000;4000000;4000000;28
158;1000;656000000;656000000;991
159;1000;652000000;652000000;991
160;1000;696000000;696000000;991
161;1000;600000000;600000000;991
162;922;1044000000;1044000000;915
163;1000;12000000;12000000;1000
164;1000;8000000;8000000;1000
165;1000;16000000;16000000;1000
166;1000;16000000;16000000;624
167;1000;20000000;20000000;903
168;1000;20000000;20000000;939
169;1000;12000000;12000000;993
170;1000;20000000;20000000;996
171;1000;28000000;28000000;880
172;1000;12000000;12000000;908
173;1000;8000000;8000000;176
174;1000;12000000;12000000;624
175;1000;8000000;8000000;31
176;1000;16000000;16000000;879
177;1000;336000000;336000000;1000
178;1000;12000000;12000000;1000
179;1000;4000000;4000000;20
180;1000;20000000;20000000;1000
181;1000;20000000;20000000;1000
182;1000;24000000;24000000;1000
183;1000;16000000;16000000;999
184;1000;8000000;8000000;999
185;1000;12000000;12000000;6
186;1000;12000000;12000000;887
187;1000;8000000;8000000;907
188;1000;12000000;12000000;1000
189;0;37848000000;37848000000;0
190;118;52000000;52000000;118
191;1000;16000000;16000000;999
192;1000;36000000;36000000;998
193;1000;16000000;16000000;870
194;0;108000000;108000000;0
195;1000;4000000;4000000;1000
196;1000;4000000;4000000;1
197;1000;244000000;244000000;1000
198;1000;8000000;8000000;354
199;1000;16000000;16000000;49
200;1000;16000000;16000000;1000
201;296;120000000;120000000;291
202;1000;12000000;12000000;1000
203;1000;72000000;72000000;999
204;1000;16000000;16000000;938
205;1000;4000000;4000000;370
206;1000;12000000;12000000;361
207;1000;4000000;4000000;1
208;1000;20000000;20000000;980
209;1000;40000000;40000000;94
210;1000;12000000;12000000;983
211;1000;260000000;260000000;890
212;1000;16000000;16000000;586
213;1000;312000000;312000000;946
214;1000;4000000;4000000;3
215;0;0;0;0
216;1000;8000000;8000000;492
217;1000;20000000;20000000;903
218;1000;8000000;8000000;6
219;1000;8000000;8000000;374
220;1000;12000000;12000000;1000
221;1000;16000000;16000000;924
222;1000;28000000;28000000;1000
223;18;5056000000;5056000000;18
224;1000;16000000;16000000;740
225;1000;20000000;20000000;949
226;1000;12000000;12000000;96
227;86;80000000;80000000;79
228;12;4000000;4000000;7
229;1000;12000000;12000000;343
230;1000;4000000;4000000;1000
231;1000;12000000;12000000;992
232;18;4000000;4000000;17
233;1000;24000000;24000000;999
234;1000;8000000;8000000;942
235;1000;20000000;20000000;870
236;1000;380000000;380000000;1000
237;1000;4000000;4000000;2
238;1000;24000000;24000000;565
239;57;4000000;4000000;57
240;1000;4000000;4000000;216
241;1000;8000000;8000000;7
242;1000;4000000;4000000;1
243;1000;20000000;20000000;903
244;1000;24000000;24000000;982
245;78;60000000;60000000;50
246;1000;8000000;8000000;3
247;1000;24000000;24000000;988
248;1000;20000000;20000000;999
249;1000;20000000;20000000;925
250;1000;8000000;8000000;11
251;1000;8000000;8000000;8
252;1000;40000000;40000000;319
253;1000;8000000;8000000;98
254;1000;20000000;20000000;987
255;1000;116000000;116000000;974
256;201;4000000;4000000;194
257;1000;24000000;24000000;999
258;432;4000000;4000000;4
259;1000;28000000;28000000;12
260;1000;12000000;12000000;997
261;171;8000000;8000000;156
262;1000;16000000;16000000;574
263;1000;16000000;16000000;992
264;1000;24000000;24000000;993
265;1000;744000000;744000000;986
266;1000;16000000;16000000;998
267;1000;8000000;8000000;1000
268;1000;4000000;4000000;1000
269;1000;16000000;16000000;982
270;1000;4000000;4000000;27
271;0;0;0;0
272;1000;28000000;28000000;1000
273;257;32000000;32000000;254
274;1000;24000000;24000000;993
275;1000;4000000;4000000;1
276;5;5788000000;5788000000;5
277;1000;20000000;20000000;732
278;617;8000000;8000000;195
279;1000;4000000;4000000;315
280;1000;12000000;12000000;539
281;1000;124000000;124000000;973
282;0;0;0;0
283;1000;8000000;8000000;207
284;1000;8000000;8000000;78
285;1000;16000000;16000000;879
286;340;36000000;36000000;242
287;202;20000000;20000000;188
288;1000;4000000;4000000;25
289;1000;16000000;16000000;390
290;1000;104000000;104000000;993
291;1000;8000000;8000000;991
292;1000;56000000;56000000;1000
293;1000;12000000;12000000;351
294;1000;20000000;20000000;963
295;1000;28000000;28000000;995
296;1000;20000000;20000000;992
297;1000;16000000;16000000;991
298;1000;48000000;48000000;996
299;0;0;0;0
300;1000;8000000;8000000;45
301;1000;20000000;20000000;678
302;29;12000000;12000000;29
303;1000;4000000;4000000;1000
304;1000;12000000;12000000;918
305;0;844000000;844000000;0
306;1000;24000000;24000000;936
307;1000;20000000;20000000;997
308;1000;12000000;12000000;358
309;330;8000000;8000000;323
310;1000;16000000;16000000;484
311;1000;32000000;32000000;1
312;1000;16000000;16000000;1000
313;68;0;0;62
314;38;4000000;4000000;37
315;1000;16000000;16000000;1000
316;1000;8000000;8000000;534
317;1000;8000000;8000000;455
318;1000;4000000;4000000;394
319;1000;24000000;24000000;987
320;1000;8000000;8000000;1000
321;1000;20000000;20000000;938
322;1000;184000000;184000000;1000
323;703;1216000000;1216000000;697
324;697;568000000;568000000;697
325;1000;108000000;108000000;1000
326;1000;16000000;16000000;940
327;1000;12000000;12000000;1000
328;362;20000000;20000000;354
329;1000;28000000;28000000;950
330;0;4000000;4000000;0
331;1000;28000000;28000000;997
332;1000;12000000;12000000;96
333;1000;4000000;4000000;1
334;267;11288000000;11288000000;231
335;1000;8000000;8000000;29
336;1000;28000000;28000000;984
337;1000;12000000;12000000;987
338;1000;12000000;12000000;1000
339;1000;8000000;8000000;1000
340;1000;8000000;8000000;92
341;1000;212000000;212000000;1000
342;1000;4000000;4000000;2
343;1000;12000000;12000000;1000
344;1000;8000000;8000000;971
345;1000;8000000;8000000;472
346;1000;4000000;4000000;417
347;1000;8000000;8000000;891
348;1000;8000000;8000000;989
349;1000;16000000;16000000;903
350;1000;20000000;20000000;998
351;1000;304000000;304000000;1
352;1000;8000000;8000000;22
353;1000;16000000;16000000;986
354;1000;8000000;8000000;374
355;1000;4000000;4000000;500
356;1000;12000000;12000000;1000
357;1000;12000000;12000000;1000
358;1000;16000000;16000000;820
359;0;9308000000;9308000000;0
360;1000;4000000;4000000;25
361;1000;8000000;8000000;157
362;609;12000000;12000000;609
363;1000;8000000;8000000;1000
364;1000;16000000;16000000;993
365;10;0;0;9
366;1000;4000000;4000000;362
367;8;4000000;4000000;5
368;1000;4000000;4000000;278
369;1000;8000000;8000000;994
370;1000;12000000;12000000;986
371;1000;16000000;16000000;998
372;1000;12000000;12000000;891
373;1000;8000000;8000000;250
374;1000;4000000;4000000;9
375;1000;8000000;8000000;22
376;1000;4000000;4000000;6
377;1000;8000000;8000000;27
378;1000;0;0;1
379;1000;4000000;4000000;4
380;1000;4000000;4000000;11
381;1000;4000000;4000000;11
382;1000;0;0;1
383;1000;4000000;4000000;1
384;1000;0;0;1
385;1000;4000000;4000000;7
386;1000;4000000;4000000;16
387;1000;4000000;4000000;16
388;1000;4000000;4000000;6
389;1000;0;0;2
390;1000;4000000;4000000;1
391;1000;4000000;4000000;13
392;1000;8000000;8000000;67
393;1000;4000000;4000000;36
394;1000;8000000;8000000;28
395;1000;16000000;16000000;754
396;1000;8000000;8000000;9
397;1000;373232000000;373228000000;1000
398;1000;12000000;12000000;999
399;60;0;0;60
400;1000;12000000;12000000;900
401;1000;8000000;8000000;994
402;1000;12000000;12000000;1
403;1000;16000000;16000000;717
404;1000;20000000;20000000;939
405;1000;8000000;8000000;472
406;1000;5472000000;5408000000;10
407;1000;12000000;12000000;972
408;1000;16000000;16000000;1000
409;1000;16000000;16000000;914
410;1000;12000000;12000000;998
411;1000;12000000;12000000;984
412;1000;20000000;20000000;994
413;1000;16000000;16000000;953
414;1000;8000000;8000000;51
415;1000;12000000;12000000;787
416;19;4000000;4000000;18
417;1000;12000000;12000000;878
418;1000;8000000;8000000;1
419;1000;8000000;8000000;982
420;0;10576000000;10576000000;0
421;1000;12000000;12000000;267
422;1000;8000000;8000000;376
423;1000;4000000;4000000;301
424;1000;4000000;4000000;59
425;1000;20000000;20000000;1000
426;1000;0;0;3
427;1000;8000000;8000000;26
428;1000;8000000;8000000;167
429;1000;16000000;16000000;980
430;1000;8000000;8000000;886
431;1000;4000000;4000000;36
432;1000;16000000;16000000;961
433;1000;4000000;4000000;1
434;1000;12000000;12000000;904
435;1000;4000000;4000000;5
436;1000;4000000;4000000;29
437;1000;12000000;12000000;915
438;1000;16000000;16000000;937
439;1000;8000000;8000000;1
440;1000;8000000;8000000;119
441;1000;8000000;8000000;627
442;1000;5472000000;5412000000;19
443;1000;5472000000;5408000000;4
444;1000;16000000;16000000;939
445;1000;8000000;8000000;15
446;1000;4000000;0;74
447;0;272000000;272000000;0
448;1000;8000000;8000000;8
449;1000;12000000;12000000;946
450;1000;12000000;12000000;171
451;1000;8000000;8000000;569
452;344;8000000;8000000;343
453;1000;12000000;12000000;976
454;1000;4000000;4000000;80
455;781;20000000;20000000;747
456;1000;8000000;8000000;1
457;1000;8000000;8000000;585
458;1000;12000000;12000000;22
459;1000;0;0;12
460;91;4000000;4000000;89
461;657;8000000;8000000;657
462;23;2108000000;2108000000;23
463;1000;20000000;20000000;881
464;1000;4000000;4000000;1
465;1000;12000000;12000000;982
466;1000;8000000;8000000;378
467;1000;12000000;12000000;997
468;1000;12000000;12000000;968
469;1000;8000000;8000000;433
470;1000;20000000;20000000;998
471;7;0;0;7
472;62;132000000;132000000;47
473;1000;12000000;12000000;600
474;55;132000000;132000000;43
475;0;12000000;12000000;0
476;0;24000000;24000000;0
477;0;8000000;8000000;0
478;0;4000000;4000000;0
479;0;8000000;8000000;0
480;1000;12000000;12000000;1000
481;1000;8000000;8000000;360
482;1000;8000000;8000000;844
483;701;12000000;12000000;591
484;1000;8000000;8000000;31
485;1000;28000000;28000000;961
486;1000;12000000;12000000;940
487;1000;12000000;12000000;439
488;1000;4000000;4000000;425
489;1000;12000000;12000000;642
490;1000;4000000;4000000;336
491;1000;16000000;16000000;980
492;1000;8000000;8000000;1000
493;6;0;0;6
494;1000;36000000;36000000;965
495;1000;4000000;4000000;98
496;1000;16000000;16000000;914
497;1000;36000000;36000000;965
498;1000;8000000;8000000;650
499;1000;12000000;12000000;3
500;1000;8000000;8000000;932
501;1000;8000000;8000000;1000
502;0;376000000;376000000;0
503;140;4000000;4000000;90
504;1000;16000000;16000000;865
505;1000;120000000;120000000;1
506;17;0;0;17
507;1000;8000000;8000000;1
508;1000;8000000;8000000;46
509;221;24000000;24000000;48
510;1000;116000000;116000000;1
511;1000;8000000;8000000;889
512;1000;16000000;16000000;998
513;1000;8000000;8000000;698
514;1000;8000000;8000000;1
515;1000;12000000;12000000;996
516;1000;12000000;12000000;569
517;1000;4000000;4000000;758
518;1000;12000000;12000000;607
519;1000;8000000;8000000;436
520;1000;8000000;8000000;1
521;1000;8000000;8000000;203
522;1000;20000000;20000000;999
523;1000;12000000;12000000;736
524;0;0;0;0
525;1000;24000000;24000000;994
526;1000;4000000;4000000;1
527;0;0;0;0
528;1000;12000000;12000000;904
529;1000;12000000;12000000;891
530;1000;4000000;4000000;44
531;20;0;0;20
532;1000;20000000;20000000;987
533;1000;4000000;4000000;2
534;1000;8000000;8000000;1
535;1000;28000000;28000000;5
536;1000;12000000;12000000;903
537;1000;8000000;8000000;906
538;1000;120000000;120000000;1
539;1000;12000000;12000000;984
540;1000;12000000;12000000;1000
541;370;556000000;556000000;254
542;1000;20000000;20000000;846
543;1000;8000000;8000000;1
544;35;0;0;35
545;746;16000000;16000000;742
546;1000;16000000;16000000;888
547;193;0;0;192
548;1000;16000000;16000000;820
549;1000;12000000;12000000;836
550;1000;8000000;8000000;483
551;315;8000000;8000000;299
552;1000;8000000;8000000;996
553;1000;8000000;8000000;42
554;2;0;0;1
555;15;1612000000;1612000000;15
556;1000;24000000;24000000;991
557;1000;16000000;16000000;723
558;1000;8000000;8000000;988
559;1000;16000000;16000000;1000
560;1000;8000000;8000000;999
561;1000;16000000;16000000;1000
562;1000;4000000;4000000;188
563;1000;116000000;116000000;1
564;1000;12000000;12000000;466
565;50;0;0;50
566;490;32000000;32000000;489
567;1000;12000000;12000000;973
568;86;24000000;24000000;85
569;1000;16000000;16000000;998
570;1000;12000000;12000000;1000
571;1000;20000000;20000000;999
572;1000;716000000;716000000;1
573;1000;4000000;4000000;329
574;1000;8000000;8000000;483
575;1000;12000000;12000000;967
576;1000;8000000;8000000;44
577;1000;20000000;20000000;1000
578;1000;12000000;12000000;172
579;1000;12000000;12000000;841
580;1000;840000000;840000000;3
581;1000;8000000;8000000;363
582;1000;4000000;4000000;7
583;1000;8000000;8000000;118
584;1000;12000000;12000000;1000
585;1000;60000000;60000000;951
586;1000;12000000;12000000;629
587;1000;12000000;12000000;914
588;1000;12000000;12000000;999
589;1000;16000000;16000000;1000
590;1000;20000000;20000000;945
591;1000;4000000;4000000;1
592;54;1256000000;1256000000;54
593;1000;8000000;8000000;595
594;0;4936000000;4936000000;0
595;1000;5476000000;5436000000;14
596;1000;12000000;12000000;923
597;1000;8000000;8000000;461
598;1000;16000000;16000000;988
599;1000;8000000;8000000;439
600;1000;12000000;12000000;991
601;1000;8000000;8000000;28
602;1000;16000000;16000000;959
603;1000;12000000;12000000;1000
604;1000;8000000;8000000;425
605;93;0;0;93
606;1000;16000000;16000000;939
607;1000;12000000;12000000;861
608;1000;4000000;4000000;3
609;0;0;0;0
610;24;4000000;4000000;24
611;1000;16000000;16000000;965
612;1000;4000000;4000000;425
613;1000;12000000;12000000;845
614;1000;4000000;4000000;1
615;1000;32000000;32000000;980
616;1000;8000000;8000000;27
617;119;3700000000;3700000000;104
618;1000;12000000;12000000;955
619;1000;8000000;8000000;15
620;1000;16000000;16000000;903
621;1000;8000000;8000000;692
622;1000;12000000;12000000;3
623;1000;12000000;12000000;1000
624;1000;16000000;16000000;689
625;1000;12000000;12000000;797
626;0;4000000;4000000;0
627;1000;144000000;144000000;1000
628;47;4000000;4000000;47
629;1000;8000000;8000000;237
630;1000;20000000;20000000;963
631;1000;12000000;12000000;1000
632;1000;8000000;8000000;638
633;0;864000000;864000000;0
634;1000;8000000;8000000;918
635;0;264000000;264000000;0
636;0;52000000;52000000;0
637;0;0;0;0
638;1000;8000000;8000000;364
639;1000;8000000;8000000;17
640;1000;36000000;36000000;953
641;1000;8000000;8000000;315
642;407;16000000;16000000;82
643;1000;16000000;16000000;935
644;293;36000000;36000000;264
645;1000;4000000;4000000;738
646;1000;12000000;12000000;988
647;1000;12000000;12000000;999
648;1000;16000000;16000000;1000
649;1000;12000000;12000000;737
650;1000;40000000;40000000;866
651;1000;12000000;12000000;932
652;1000;64000000;64000000;2
653;1000;0;0;1
654;1000;8000000;8000000;528
655;1000;8000000;8000000;455
656;1000;4000000;4000000;317
657;267;12000000;12000000;267
658;1000;12000000;12000000;986
659;1000;120000000;120000000;1
660;1000;36000000;36000000;2
661;1000;20000000;20000000;988
662;1000;20000000;16000000;992
663;1000;8000000;8000000;12
664;6;0;0;4
665;68;44000000;44000000;68
666;170;4000000;4000000;170
667;1000;20000000;20000000;978
668;1000;12000000;12000000;654
669;1000;8000000;8000000;44
670;1000;8000000;8000000;1
671;1000;20000000;20000000;996
672;1000;8000000;8000000;5
673;1000;12000000;12000000;952
674;1000;8000000;4000000;24
675;595;8000000;8000000;36
676;1000;16000000;16000000;1000
677;302;4000000;4000000;287
678;1000;16000000;16000000;746
679;1000;12000000;12000000;493
680;1000;20000000;20000000;996
681;1000;4000000;4000000;196
682;260;0;0;176
683;34;4000000;4000000;31
684;1000;4000000;4000000;800
685;1000;16000000;16000000;915
686;1000;16000000;16000000;971
687;0;4000000;4000000;0
688;1000;16000000;16000000;879
689;1000;12000000;12000000;983
690;1000;12000000;12000000;797
691;1000;20000000;20000000;1000
692;1000;8000000;8000000;87
693;1000;16000000;16000000;1000
694;1000;8000000;8000000;17
695;1000;12000000;12000000;797
696;1000;12000000;12000000;873
697;1000;12000000;12000000;26
698;1000;4000000;4000000;1
699;1000;4000000;4000000;1
700;1000;8000000;8000000;1
701;1000;4000000;4000000;1
702;1000;12000000;12000000;1
703;1000;0;0;1
704;23;4000000;4000000;1
705;1000;8000000;8000000;1
706;1000;8000000;8000000;1
707;56;4000000;4000000;1
708;1000;8000000;8000000;1
709;1000;4000000;4000000;1
710;1000;8000000;8000000;1
711;1000;4000000;4000000;1
712;1000;4000000;4000000;1
713;1000;8000000;8000000;1
714;2;0;0;1
715;1000;8000000;8000000;1
716;1000;8000000;8000000;1
717;1000;8000000;8000000;1
718;1000;4000000;4000000;1
719;1000;8000000;8000000;1
720;1000;12000000;12000000;1
721;1000;8000000;8000000;1
722;1000;8000000;8000000;1
723;1000;8000000;8000000;1
724;1000;4000000;4000000;1
725;8;0;0;1
726;1000;12000000;12000000;1
727;1000;8000000;8000000;1
728;1000;8000000;8000000;1
729;15;0;0;1
730;1000;8000000;8000000;1
731;1000;8000000;8000000;1
732;1000;12000000;12000000;1
733;1000;8000000;8000000;1
734;1000;8000000;8000000;1
735;1000;8000000;8000000;1
736;1000;8000000;8000000;1
737;1000;8000000;8000000;1
738;1000;8000000;8000000;1
739;1000;8000000;8000000;1
740;1000;8000000;8000000;1
741;1000;12000000;12000000;1
742;1000;12000000;12000000;1
743;1000;8000000;8000000;1
744;1000;8000000;8000000;1
745;1000;4000000;4000000;1
746;1000;8000000;8000000;1
747;110;4000000;4000000;1
748;1000;4000000;4000000;1
749;1000;8000000;8000000;1
750;1000;4000000;4000000;1
751;1000;8000000;8000000;1
752;1000;8000000;8000000;1
753;1000;4000000;4000000;1
754;1000;8000000;8000000;1
755;1000;12000000;12000000;1
756;1000;4000000;4000000;1
757;1000;4000000;4000000;1
758;1000;8000000;8000000;1
759;1000;4000000;4000000;1
760;1000;12000000;12000000;1
761;1000;8000000;8000000;1
762;1000;8000000;8000000;1
763;1000;8000000;8000000;1
764;1000;8000000;8000000;1
765;1000;8000000;8000000;1
766;22;0;0;1
767;1000;12000000;12000000;1
768;1000;4000000;4000000;1
769;1000;12000000;12000000;1
770;1000;8000000;8000000;1
771;1000;8000000;8000000;1
772;1000;8000000;8000000;1
773;1000;4000000;4000000;1
774;1000;8000000;8000000;1
775;1000;0;0;1
776;413;4000000;4000000;1
777;1000;8000000;8000000;1
778;1000;8000000;8000000;1
779;1000;8000000;8000000;1
780;1000;8000000;8000000;1
781;1000;12000000;12000000;1
782;1000;8000000;8000000;1
783;1000;8000000;8000000;1
784;1000;4000000;4000000;1
785;1000;12000000;12000000;1
786;1000;12000000;12000000;1
787;1000;8000000;8000000;1
788;1000;12000000;12000000;1
789;104;0;0;1
790;1000;8000000;8000000;1
791;1000;8000000;8000000;1
792;405;4000000;4000000;1
793;1000;8000000;8000000;1
794;1000;4000000;4000000;1
795;1000;8000000;8000000;1
796;1000;4000000;4000000;1
797;1000;8000000;8000000;1
798;13;0;0;1
799;24;0;0;1
800;11;0;0;1
801;1000;12000000;12000000;1
802;71;0;0;1
803;1000;8000000;8000000;1
804;1000;8000000;8000000;1
805;28;0;0;1
806;1000;12000000;12000000;1
807;1000;8000000;8000000;1
808;16;0;0;1
809;16;0;0;1
810;12;0;0;1
811;1000;12000000;12000000;1
812;1000;8000000;8000000;1
813;1000;12000000;12000000;1
814;1000;12000000;12000000;1
815;1000;4000000;4000000;1
816;1000;8000000;8000000;1
817;1000;12000000;12000000;1
818;1000;12000000;12000000;1
819;124;0;0;1
820;1000;12000000;12000000;1
821;1000;12000000;12000000;1
822;1000;12000000;12000000;1
823;1000;4000000;4000000;1
824;1000;12000000;12000000;1
825;1000;12000000;12000000;1
826;1000;4000000;4000000;1
827;1000;12000000;12000000;1
828;1000;8000000;8000000;1
829;1000;12000000;12000000;1
830;1000;4000000;4000000;1
831;1000;4000000;4000000;1
832;1000;12000000;12000000;1
833;1000;8000000;8000000;1
834;1000;4000000;4000000;1
835;1000;8000000;8000000;1
836;1000;8000000;8000000;1
837;1000;8000000;8000000;1
838;1000;8000000;8000000;1
839;1000;12000000;12000000;1
840;1000;8000000;8000000;1
841;62;0;0;1
842;82;0;0;1
843;1000;8000000;8000000;1
844;693;8000000;8000000;1
845;1000;8000000;8000000;1
846;1000;8000000;8000000;1
847;1000;12000000;12000000;1
848;1000;8000000;8000000;1
849;1000;12000000;12000000;1
850;260;4000000;4000000;1
851;176;0;0;1
852;1000;12000000;12000000;1
853;1000;8000000;8000000;1
854;1000;8000000;8000000;1
855;1000;8000000;8000000;1
856;582;12000000;12000000;1
857;27;0;0;1
858;1000;4000000;4000000;1
859;1000;8000000;8000000;1
860;1000;12000000;12000000;1
861;1000;8000000;8000000;1
862;1000;8000000;8000000;1
863;1000;12000000;12000000;1
864;1000;12000000;12000000;1
865;154;0;0;1
866;1000;8000000;8000000;1
867;1000;8000000;8000000;1
868;1000;8000000;8000000;1
869;1000;12000000;12000000;1
870;1000;12000000;12000000;1
871;1000;8000000;8000000;1
872;1000;4000000;4000000;1
873;1000;12000000;12000000;1
874;382;0;0;1
875;1000;8000000;8000000;1
876;1000;12000000;12000000;1
877;1000;12000000;12000000;1
878;45;0;0;1
879;1000;12000000;12000000;1
880;6;0;0;1
881;1000;12000000;12000000;1
882;1000;12000000;12000000;1
883;1000;8000000;8000000;1
884;1000;8000000;8000000;1
885;1000;8000000;8000000;1
886;1000;8000000;8000000;1
887;1000;12000000;12000000;1
888;1000;8000000;8000000;1
889;10;0;0;1
890;1000;12000000;12000000;1
891;1000;12000000;12000000;1
892;1000;8000000;8000000;1
893;623;8000000;8000000;1
894;444;4000000;4000000;1
895;1000;8000000;8000000;1
896;981;12000000;12000000;1
897;1000;8000000;8000000;1
898;1000;8000000;8000000;1
899;1000;12000000;12000000;1
900;1000;8000000;8000000;1
901;1000;12000000;12000000;1
902;1000;8000000;8000000;1
903;1000;12000000;12000000;1
904;1000;12000000;12000000;1
905;1000;4000000;4000000;1
906;1000;4000000;4000000;1
907;1000;8000000;8000000;1
908;1000;8000000;8000000;1
909;1000;4000000;4000000;1
910;1000;8000000;8000000;1
911;1000;8000000;8000000;1
912;1000;16000000;16000000;1
913;1000;8000000;8000000;1
914;1000;12000000;12000000;1
915;1000;8000000;8000000;1
916;1000;4000000;4000000;1
917;1000;0;0;1
918;1000;4000000;4000000;1
919;1000;4000000;4000000;1
920;1000;8000000;8000000;1
921;100;0;0;1
922;1000;12000000;12000000;1
923;1000;12000000;12000000;1
924;1000;8000000;8000000;1
925;1;0;0;1
926;1000;172000000;172000000;1000
927;2;0;0;2
928;113;8000000;8000000;113
929;73;24000000;24000000;73
930;647;24000000;24000000;647
931;1000;4000000;4000000;1000
932;1000;8000000;8000000;1000
933;1000;8000000;8000000;1000
934;459;0;0;459
935;670;24000000;24000000;670
936;0;0;0;0
937;1000;36000000;36000000;1000
938;1000;4000000;4000000;1000
939;137;4000000;4000000;137
940;1000;16000000;16000000;1000
941;1000;4000000;4000000;1000
942;7;0;0;7
943;20;4000000;4000000;20
944;1000;4000000;4000000;1000
945;1000;8000000;8000000;1000
946;0;0;0;0
947;2;0;0;2
948;1000;4000000;4000000;1000
949;31;0;0;31
950;33;44000000;44000000;33
951;1000;0;0;1000
952;1000;100000000;100000000;1000
953;1000;4000000;4000000;1000
954;1000;4000000;4000000;1000
955;1000;60000000;60000000;1000
956;1000;4000000;4000000;1000
957;203;4000000;4000000;203
958;666;0;0;666
959;1000;4000000;4000000;1000
960;1000;4000000;4000000;1000
961;107;0;0;107
962;1000;4000000;4000000;1000
963;1000;4000000;4000000;1000
964;1000;4000000;4000000;1000
965;1000;4000000;4000000;1000
966;258;0;0;258
967;1000;4000000;4000000;1000
968;1000;8000000;8000000;1000
969;1000;4000000;4000000;1000
970;1000;4000000;4000000;1000
971;0;0;0;0
972;1000;28000000;28000000;1000
973;36;0;0;36
974;32;0;0;32
975;52;12000000;12000000;52
976;15;0;0;15
977;37;4000000;4000000;37
978;35;0;0;35
979;0;0;0;0
980;116;12000000;12000000;116
981;3;0;0;3
982;31;0;0;31
983;1000;4000000;4000000;1000
984;1000;4000000;4000000;1000
985;403;24000000;24000000;403
986;1000;20000000;20000000;1000
987;1000;20000000;20000000;1000
988;372;52000000;52000000;372
989;65;8000000;8000000;65
990;282;8000000;8000000;282
991;1000;8000000;8000000;1000
992;11;4000000;4000000;11
993;731;12000000;12000000;731
994;77;0;0;77
995;1000;4000000;4000000;1000
996;1000;4000000;4000000;1000
997;59;0;0;59
998;50;8000000;8000000;50
999;63;0;0;63
1000;0;0;0;0
1001;0;0;0;0
1002;1000;276000000;276000000;1
1003;1000;5472000000;5408000000;1
1004;1000;4000000;4000000;1
1005;0;0;0;0
1006;764;4000000;4000000;1
1007;1000;228000000;220000000;1
1008;20;0;0;1
1009;183;0;0;1
1010;1000;268000000;268000000;1
1011;54;0;0;1
1012;1000;13064000000;12756000000;1
1013;1000;3900000000;3848000000;1
1014;54;0;0;1
1015;0;0;0;0
1016;233;4000000;0;1
1017;1000;328000000;328000000;1
1018;71;0;0;1
1019;1000;316000000;316000000;1
1020;198;0;0;1
1021;1000;368000000;368000000;1
1022;1000;20000000;20000000;1
1023;1000;384000000;384000000;1
1024;156;4000000;4000000;1
1025;1000;20000000;20000000;1
1026;1000;280000000;280000000;1
1027;131;4000000;4000000;1
1028;1000;484000000;484000000;1
1029;1000;348000000;344000000;1
1030;339;0;0;1
1031;634;4000000;4000000;1
1032;1000;48000000;48000000;1
1033;351;4000000;4000000;1
1034;1000;44000000;44000000;1
1035;1000;540000000;540000000;1
1036;1000;8000000;8000000;1
1037;1000;32000000;32000000;1
1038;1000;216000000;216000000;1
1039;0;0;0;0
1040;1000;328000000;328000000;1
1041;1000;40000000;40000000;1
1042;1;0;0;1
1043;1000;108000000;108000000;1
1044;357;0;0;1
1045;1000;444000000;444000000;1
1046;0;0;0;0
1047;1000;8000000;8000000;1
1048;10;0;0;1
1049;14;0;0;1
1050;1000;160000000;160000000;1
1051;1000;4040000000;4000000000;1
1052;1000;616000000;612000000;1
1053;1000;828000000;824000000;1
1054;8;0;0;1
1055;0;0;0;0
1056;1000;16000000;16000000;1
1057;1000;660000000;660000000;1
1058;1000;184000000;184000000;1
1059;1000;508000000;508000000;1
1060;74;0;0;1
1061;1000;16000000;16000000;1
1062;1000;116000000;116000000;1
1063;1000;40000000;36000000;1
1064;1000;492000000;492000000;1
1065;1000;60000000;60000000;1
1066;1;0;0;1
1067;1;0;0;1
1068;1000;2368000000;2336000000;1
1069;63;0;0;1
1070;1000;4000000;4000000;1
1071;1000;648000000;640000000;1
1072;1000;316000000;312000000;1
1073;1000;64000000;64000000;1
1074;20;0;0;1
1075;751;4000000;4000000;1
1076;1000;840000000;840000000;1
1077;1000;80000000;80000000;1
1078;1000;1384000000;1380000000;1
1079;37;0;0;1
1080;309;0;0;1
1081;0;0;0;0
1082;1000;4000000;4000000;1
1083;1000;16000000;16000000;1
1084;1000;460000000;456000000;1
1085;1000;60000000;60000000;1
1086;1;0;0;1
1087;60;0;0;1
1088;0;0;0;0
1089;0;0;0;0
1090;0;0;0;0
1091;0;0;0;0
1092;1000;1712000000;1688000000;1
1093;0;0;0;0
1094;0;0;0;0
1095;0;0;0;0
1096;1;0;0;1
1097;0;0;0;0
1098;0;0;0;0
1099;102;0;0;1
1100;0;0;0;0
1101;150;0;0;1
1102;0;0;0;0
1103;62;0;0;1
1104;67;0;0;1
1105;8;0;0;1
1106;45;0;0;1
1107;1000;128000000;128000000;1
1108;167;4000000;4000000;1
1109;922;0;0;1
1110;1000;8000000;8000000;1
1111;341;0;0;1
1112;2;0;0;1
1113;295;0;0;1
1114;0;0;0;0
1115;0;0;0;0
1116;0;0;0;0
1117;20;0;0;1
1118;559;4000000;4000000;1
1119;1;0;0;1
1120;1000;776000000;768000000;1
1121;1000;4000000;4000000;1
1122;2;0;0;1
1123;1;0;0;1
1124;1;0;0;1
1125;285;0;0;1
1126;1000;140000000;140000000;1
1127;21;0;0;1
1128;42;0;0;1
1129;1000;1276000000;1276000000;1
1130;1000;468000000;468000000;1
1131;131;0;0;1
1132;1;0;0;1
1133;1000;316000000;316000000;1
1134;1000;2696000000;2684000000;1
1135;1000;72000000;72000000;1
1136;1000;52000000;52000000;1
1137;29;4000000;4000000;1
1138;4;0;0;1
1139;1000;4000000;4000000;1
1140;1000;64000000;64000000;1
1141;29;0;0;1
1142;805;4000000;4000000;1
1143;249;0;0;1
1144;11;0;0;1
1145;681;4000000;4000000;1
1146;108;0;0;1
1147;54;0;0;1
1148;89;0;0;1
1149;733;4000000;4000000;1
1150;1000;12000000;12000000;1
1151;1000;56000000;56000000;1
1152;7;0;0;1
1153;1000;48000000;48000000;1
1154;318;4000000;4000000;1
1155;3;0;0;1
1156;299;0;0;1
1157;1;0;0;1
1158;366;0;0;1
1159;1000;160000000;160000000;1
1160;1000;132000000;132000000;1
1161;1000;76000000;76000000;1
1162;40;0;0;1
1163;1;0;0;1
1164;1;0;0;1
1165;0;0;0;0
1166;204;0;0;1
1167;1000;48000000;48000000;1
1168;1;0;0;1
1169;1000;764000000;756000000;1
1170;473;0;0;1
1171;7;4000000;4000000;1
1172;0;0;0;0
1173;1000;4000000;4000000;1
1174;1000;120000000;120000000;1
1175;1000;28000000;28000000;1
1176;40;0;0;1
1177;1000;28000000;28000000;1
1178;282;4000000;4000000;1
1179;1000;92000000;92000000;1
1180;1;0;0;1
1181;1000;12000000;12000000;1
1182;14;0;0;1
1183;38;0;0;1
1184;114;4000000;4000000;1
1185;1;0;0;1
1186;55;0;0;1
1187;1000;16000000;16000000;1
1188;2;0;0;1
1189;23;0;0;1
1190;222;0;0;1
1191;305;0;0;1
1192;1000;8000000;8000000;1
1193;1000;64000000;64000000;1
1194;1000;4000000;4000000;1
1195;3;0;0;1
1196;1000;28000000;28000000;1
1197;0;0;0;0
1198;34;0;0;1
1199;534;4000000;4000000;1
1200;1000;116000000;116000000;1
1201;1000;28000000;28000000;1
1202;45;0;0;1
1203;1000;24000000;20000000;1
1204;1;0;0;1
1205;1;0;0;1
1206;9;0;0;1
1207;20;0;0;1
1208;890;4000000;4000000;1
1209;1000;96000000;96000000;1
1210;1000;24000000;24000000;1
1211;7;0;0;1
1212;1;0;0;1
1213;338;4000000;4000000;1
1214;16;0;0;1
1215;1;0;0;1
1216;1;0;0;1
1217;1000;12000000;12000000;1
1218;35;0;0;1
1219;27;0;0;1
1220;1000;76000000;76000000;1
1221;1000;8000000;8000000;1
1222;222;0;0;1
1223;210;0;0;1
1224;1000;304000000;304000000;1
1225;1000;12000000;8000000;1
1226;1000;48000000;48000000;1
1227;17;0;0;1
1228;277;4000000;4000000;1
1229;114;0;0;1
1230;0;0;0;0
1231;0;0;0;0
1232;1000;8000000;8000000;1
1233;13;0;0;1
1234;6;0;0;1
1235;1000;8000000;8000000;1
1236;38;0;0;1
1237;1000;112000000;112000000;1
1238;1000;4000000;4000000;1
1239;78;0;0;1
1240;1000;216000000;216000000;1
1241;50;0;0;1
1242;320;4000000;4000000;1
1243;1000;704000000;704000000;1
1244;1000;368000000;368000000;1
1245;0;0;0;0
1246;259;0;0;1
1247;1;0;0;1
1248;1;0;0;1
1249;1000;4000000;4000000;1
1250;1;0;0;1
1251;1;0;0;1
1252;3;0;0;1
1253;2;0;0;1
1254;479;4000000;4000000;1
1255;1;0;0;1
1256;0;0;0;0
1257;0;0;0;0
1258;0;0;0;0
1259;0;0;0;0
1260;0;0;0;0
1261;0;0;0;0
1262;1000;44000000;44000000;1
1263;1000;4000000;4000000;1
1264;150;0;0;1
1265;1000;28000000;28000000;1
1266;1000;12000000;12000000;1
1267;500;0;0;1
1268;269;4000000;4000000;1
1269;1;0;0;1
1270;1000;4000000;4000000;1
1271;654;4000000;4000000;1
1272;72;0;0;1
1273;860;4000000;4000000;1
1274;34;0;0;1
1275;13;0;0;1
1276;1000;12000000;12000000;1
1277;1000;4000000;4000000;1
1278;1000;52000000;52000000;1
1279;5;0;0;1
1280;185;0;0;1
1281;70;0;0;1
1282;1000;76000000;76000000;1
1283;27;0;0;1
1284;215;0;0;1
1285;76;0;0;1
1286;1000;44000000;44000000;1
1287;1000;372000000;372000000;1
1288;1;0;0;1
1289;1;0;0;1
1290;1;0;0;1
1291;1;0;0;1
1292;68;0;0;1
1293;9;0;0;1
1294;0;0;0;0
