 Loading the index...
 Index loaded 22560447990 bytes
0;1000;4574000
1;1000;204871000
2;1000;16049000
3;1000;1060436000
4;1000;253016000
5;57;2268111000
6;1000;106054000
7;1000;290045000
8;1000;139135000
9;1000;20521000
10;1000;62718000
11;1000;84380000
12;1000;197733000
13;57;2341700000
14;1000;15372000
15;1000;35766000
16;1000;85217000
17;1000;11149000
18;1000;41942000
19;1000;210419000
20;0;65242000
21;1000;7609000
22;1000;49276110000
23;1000;23784000
24;1000;17863000
25;1000;10990000
26;1000;18811000
27;1000;5610000
28;1000;18613000
29;1000;37250202000
30;1000;219284000
31;1000;1896460000
32;1000;11869000
33;1000;18787000
34;1000;5515000
35;1000;53749000
36;183;50174835000
37;1000;84505000
38;1000;7206000
39;1000;18968000
40;1000;4789675000
41;1000;42804000
42;1000;33458000
43;1000;115517000
44;8;778133000
45;1000;79132000
46;229;783250000
47;0;2477000
48;71;933465000
49;1000;17710000
50;1000;21563000
51;1000;58139000
52;1000;30359000
53;1000;33344000
54;1000;17973000
55;1000;50047000
56;1000;213402000
57;0;1128681000
58;83;763631000
59;79;767962000
60;1000;28690000
61;1000;19402000
62;95;18239000
63;1000;208176000
64;1000;39329000
65;1000;17598000
66;0;22316000
67;0;15940000
68;28;15542000
69;20;42408000
70;1000;30538000
71;1000;46361000
72;1000;392320000
73;1000;376272000
74;1000;68292000
75;1000;24020000
76;1000;16848000
77;1000;8479000
78;1000;28504000
79;1000;6122000
80;1000;30779000
81;1000;32197000
82;1000;15719000
83;25;3818000
84;200;17656000
85;398;15164000
86;692;45347000
87;1000;11554000
88;1000;44548000
89;1000;12065000
90;1000;29847000
91;23;2512000
92;1000;188593000
93;1000;188580000
94;1000;9752000
95;1000;11948000
96;1000;23495000
97;1000;12766000
98;1000;39217000
99;1000;4318000
100;1000;33246000
101;1000;93820000
102;1000;38099000
103;1000;100623000
104;41;3352000
105;1000;23010000
106;1000;19612000
107;1000;19742000
108;1000;9850000
109;0;697000
110;1000;63801000
111;1000;67757000
112;1000;14413000
113;1000;29133000
114;1000;71264000
115;1000;60330000
116;1000;20687000
117;1000;405718000
118;0;45000
119;0;16000
120;1000;2722306000
121;1000;19987000
122;0;1944240000
123;1000;22036000
124;1000;19573000
125;606;21581000
126;1000;37591000
127;1000;37502000
128;1000;18227000
129;1000;58771000
130;1000;13042000
131;605;17572000
132;0;140759000
133;1000;72605000
134;1000;24514000
135;585;20533000
136;1;14691000
137;1;19644000
138;322;16597000
139;1000;57490000
140;50;38495000
141;1000;5264000
142;1000;2890000
143;1000;16217000
144;62;27835000
145;1000;16989000
146;1000;13481000
147;1000;30632000
148;1000;26587000
149;1000;48814000
150;99;60580000
151;1000;6915000
152;1000;38099000
153;1000;82400000
154;1000;24283000
155;1000;15141000
156;365;4503000
157;1000;3370000
158;1000;445542000
159;1000;439235000
160;1000;465952000
161;1000;411779000
162;922;679660000
163;1000;15135000
164;1000;10334000
165;1000;16436000
166;1000;15285000
167;1000;21175000
168;1000;20933000
169;1000;14942000
170;1000;30769000
171;1000;36298000
172;1000;20151000
173;1000;7454000
174;1000;12315000
175;1000;5470000
176;1000;19015000
177;1000;236606000
178;1000;16642000
179;1000;4267000
180;1000;21035000
181;1000;19696000
182;1000;33685000
183;1000;13390000
184;1000;9415000
185;1000;10299000
186;1000;12038000
187;1000;10699000
188;1000;41722000
189;0;89890049000
190;118;29910000
191;1000;14204000
192;1000;39252000
193;1000;17191000
194;0;220763000
195;1000;6270000
196;1000;1797000
197;1000;182611000
198;1000;9227000
199;1000;16724000
200;1000;18403000
201;296;81893000
202;1000;11665000
203;1000;80284000
204;1000;18213000
205;1000;4685000
206;1000;8467000
207;1000;5700000
208;1000;21857000
209;1000;36061000
210;1000;11550000
211;1000;105403000
212;1000;18469000
213;1000;122084000
214;1000;4698000
215;0;25000
216;1000;7184000
217;1000;21369000
218;1000;6405000
219;1000;7530000
220;1000;16524000
221;1000;12540000
222;1000;31265000
223;18;3515363000
224;1000;25747000
225;1000;21799000
226;1000;10168000
227;86;43867000
228;12;2947000
229;1000;9944000
230;1000;9597000
231;1000;15173000
232;18;2423000
233;1000;21979000
234;1000;9436000
235;1000;17304000
236;1000;266829000
237;1000;3166000
238;1000;36733000
239;57;1578000
240;1000;4499000
241;1000;6969000
242;1000;4828000
243;1000;21416000
244;1000;25900000
245;78;28789000
246;1000;7154000
247;1000;28173000
248;1000;22380000
249;1000;30255000
250;1000;9744000
251;1000;7358000
252;1000;42131000
253;1000;8754000
254;1000;20138000
255;1000;85669000
256;201;3902000
257;1000;23577000
258;432;5287000
259;1000;27173000
260;1000;17053000
261;171;9039000
262;1000;14934000
263;1000;19390000
264;1000;39428000
265;1000;322601000
266;1000;22221000
267;1000;16653000
268;1000;13391000
269;1000;13595000
270;1000;5677000
271;0;18000
272;1000;28119000
273;257;34613000
274;1000;26632000
275;1000;5106000
276;5;4368668000
277;1000;19529000
278;617;8059000
279;1000;6831000
280;1000;10695000
281;1000;98101000
282;0;1426000
283;1000;4801000
284;1000;8984000
285;1000;15553000
286;340;29615000
287;202;16129000
288;1000;5060000
289;1000;11186000
290;1000;66816000
291;1000;15308000
292;1000;46084000
293;1000;13315000
294;1000;19253000
295;1000;28422000
296;1000;27885000
297;1000;22804000
298;1000;63275000
299;0;27000
300;1000;11464000
301;1000;22722000
302;29;4592000
303;1000;16681000
304;1000;10114000
305;0;1144367000
306;1000;23626000
307;1000;39455000
308;1000;10704000
309;330;10121000
310;1000;18640000
311;1000;8022000
312;1000;14464000
313;68;3190000
314;38;1819000
315;1000;22680000
316;1000;9374000
317;1000;6807000
318;1000;5582000
319;1000;32666000
320;1000;20154000
321;1000;18151000
322;1000;36160000
323;703;387874000
324;697;309139000
325;1000;127873000
326;1000;17836000
327;1000;21398000
328;362;17773000
329;1000;26434000
330;0;2668000
331;1000;26301000
332;1000;13613000
333;1000;3853000
334;267;12690047000
335;1000;9534000
336;1000;38538000
337;1000;12464000
338;1000;14846000
339;1000;7217000
340;1000;7920000
341;1000;466509000
342;1000;3263000
343;1000;9738000
344;1000;11207000
345;1000;7936000
346;1000;5843000
347;1000;7146000
348;1000;8826000
349;1000;14985000
350;1000;22712000
351;1000;305608000
352;1000;8535000
353;1000;19919000
354;1000;4186000
355;1000;7100000
356;1000;11692000
357;1000;12092000
358;1000;14198000
359;0;9192560000
360;1000;4767000
361;1000;9724000
362;609;11811000
363;1000;9681000
364;1000;14219000
365;10;366000
366;1000;5000000
367;8;1092000
368;1000;4458000
369;1000;7240000
370;1000;13387000
371;1000;18369000
372;1000;10409000
373;1000;11089000
374;1000;6675000
375;1000;6003000
376;1000;3774000
377;1000;9665000
378;1000;1227000
379;1000;3336000
380;1000;3928000
381;1000;3490000
382;1000;1096000
383;1000;1086000
384;1000;1096000
385;1000;3175000
386;1000;3775000
387;1000;5299000
388;1000;2944000
389;1000;2405000
390;1000;1084000
391;1000;6435000
392;1000;7942000
393;1000;5522000
394;1000;9726000
395;1000;13417000
396;1000;8802000
397;1000;23537000
398;1000;8989000
399;60;1528000
400;1000;13454000
401;1000;8179000
402;1000;11463000
403;1000;16385000
404;1000;21233000
405;1000;7935000
406;1000;5520255000
407;1000;12874000
408;1000;22627000
409;1000;15974000
410;1000;10497000
411;1000;12188000
412;1000;24664000
413;1000;18026000
414;1000;5540000
415;1000;13329000
416;19;4556000
417;1000;14571000
418;1000;4725000
419;1000;8948000
420;0;8910790000
421;1000;20564000
422;1000;7371000
423;1000;3097000
424;1000;4628000
425;1000;21183000
426;1000;2150000
427;1000;8493000
428;1000;6079000
429;1000;15366000
430;1000;9587000
431;1000;5491000
432;1000;19431000
433;1000;4931000
434;1000;9984000
435;1000;5911000
436;1000;5044000
437;1000;9804000
438;1000;16943000
439;1000;7301000
440;1000;10369000
441;1000;6777000
442;1000;5520858000
443;1000;5516481000
444;1000;15260000
445;1000;9306000
446;1000;2956000
447;0;323823167000
448;1000;7190000
449;1000;14476000
450;1000;11343000
451;1000;10582000
452;344;7417000
453;1000;12028000
454;1000;5076000
455;781;19549000
456;1000;7360000
457;1000;9284000
458;1000;11161000
459;1000;756000
460;91;2690000
461;657;10548000
462;23;1563823000
463;1000;17129000
464;1000;6473000
465;1000;10786000
466;1000;10198000
467;1000;12457000
468;1000;16187000
469;1000;7196000
470;1000;21306000
471;7;266000
472;62;85796000
473;1000;13894000
474;55;84282000
475;0;7014000
476;0;10837000
477;0;2586000
478;0;2346000
479;0;2091000
480;1000;11726000
481;1000;8308000
482;1000;7719000
483;701;15449000
484;1000;10209000
485;1000;23990000
486;1000;14284000
487;1000;8684000
488;1000;7449000
489;1000;9952000
490;1000;6825000
491;1000;11866000
492;1000;9900000
493;6;444000
494;1000;32356000
495;1000;4447000
496;1000;15230000
497;1000;32272000
498;1000;8811000
499;1000;12223000
500;1000;12677000
501;1000;8663000
502;0;473120000
503;140;2941000
504;1000;16276000
505;1000;119560000
506;17;835000
507;1000;6912000
508;1000;11533000
509;221;14590000
510;1000;117171000
511;1000;12057000
512;1000;16721000
513;1000;9304000
514;1000;8146000
515;1000;13073000
516;1000;9760000
517;1000;9151000
518;1000;7770000
519;1000;10437000
520;1000;7350000
521;1000;10778000
522;1000;18176000
523;1000;13418000
524;0;12000
525;1000;23127000
526;1000;2513000
527;0;15000
528;1000;13575000
529;1000;14033000
530;1000;4048000
531;20;484000
532;1000;19474000
533;1000;5317000
534;1000;8358000
535;1000;25980000
536;1000;12956000
537;1000;9665000
538;1000;119381000
539;1000;15940000
540;1000;13196000
541;370;579248000
542;1000;21867000
543;1000;7314000
544;35;1039000
545;746;17170000
546;1000;14274000
547;193;2024000
548;1000;13494000
549;1000;11710000
550;1000;8365000
551;315;10672000
552;1000;6608000
553;1000;10850000
554;2;69000
555;15;1120371000
556;1000;28591000
557;1000;15200000
558;1000;10138000
559;1000;15290000
560;1000;10582000
561;1000;16793000
562;1000;3744000
563;1000;117103000
564;1000;9785000
565;50;651000
566;490;21232000
567;1000;15215000
568;86;11961000
569;1000;15476000
570;1000;12487000
571;1000;24661000
572;1000;715716000
573;1000;5157000
574;1000;9408000
575;1000;10211000
576;1000;7395000
577;1000;17679000
578;1000;14675000
579;1000;15120000
580;1000;841928000
581;1000;9270000
582;1000;5647000
583;1000;6365000
584;1000;19082000
585;1000;55258000
586;1000;11691000
587;1000;11764000
588;1000;10453000
589;1000;21180000
590;1000;21063000
591;1000;5428000
592;54;1172034000
593;1000;10707000
594;0;6357428000
595;1000;5510501000
596;1000;16262000
597;1000;6999000
598;1000;17299000
599;1000;8946000
600;1000;14480000
601;1000;16029000
602;1000;18818000
603;1000;9281000
604;1000;7763000
605;93;1852000
606;1000;17013000
607;1000;12630000
608;1000;4540000
609;0;21000
610;24;726000
611;1000;17117000
612;1000;6736000
613;1000;11561000
614;1000;4869000
615;1000;38154000
616;1000;7928000
617;119;2987448000
618;1000;11843000
619;1000;9152000
620;1000;17787000
621;1000;8546000
622;1000;9654000
623;1000;17106000
624;1000;15876000
625;1000;15166000
626;0;4236000
627;1000;99340000
628;47;1052000
629;1000;9668000
630;1000;18592000
631;1000;11178000
632;1000;10486000
633;0;1094531000
634;1000;8826000
635;0;402244000
636;0;69329000
637;0;26000
638;1000;9150000
639;1000;8517000
640;1000;36750000
641;1000;6744000
642;407;13856000
643;1000;17679000
644;293;21320000
645;1000;7171000
646;1000;14001000
647;1000;12931000
648;1000;16211000
649;1000;14927000
650;1000;37976000
651;1000;13441000
652;1000;61008000
653;1000;1743000
654;1000;9763000
655;1000;6228000
656;1000;4224000
657;267;12557000
658;1000;13479000
659;1000;119667000
660;1000;33545000
661;1000;26621000
662;1000;17697000
663;1000;10375000
664;6;371000
665;68;34264000
666;170;6038000
667;1000;22397000
668;1000;14704000
669;1000;7422000
670;1000;5835000
671;1000;22974000
672;1000;6087000
673;1000;14222000
674;1000;6543000
675;595;9234000
676;1000;16018000
677;302;8421000
678;1000;17479000
679;1000;10417000
680;1000;19387000
681;1000;4296000
682;260;2704000
683;34;2283000
684;1000;6598000
685;1000;15298000
686;1000;15240000
687;0;2185000
688;1000;22342000
689;1000;11939000
690;1000;12616000
691;1000;18748000
692;1000;12134000
693;1000;15392000
694;1000;8753000
695;1000;13151000
696;1000;14024000
697;1000;10434000
698;1000;4781000
699;1000;7528000
700;1000;4919000
701;1000;7133000
702;1000;9668000
703;1000;3299000
704;23;499000
705;1000;13006000
706;1000;8807000
707;56;667000
708;1000;8350000
709;1000;4813000
710;1000;9161000
711;1000;3698000
712;1000;4925000
713;1000;7325000
714;2;103000
715;1000;9735000
716;1000;9467000
717;1000;9252000
718;1000;4620000
719;1000;6356000
720;1000;14973000
721;1000;8834000
722;1000;8300000
723;1000;6303000
724;1000;7871000
725;8;247000
726;1000;12747000
727;1000;8682000
728;1000;5104000
729;15;310000
730;1000;9497000
731;1000;10446000
732;1000;11949000
733;1000;7797000
734;1000;9566000
735;1000;9465000
736;1000;8262000
737;1000;8151000
738;1000;7418000
739;1000;8591000
740;1000;11098000
741;1000;13384000
742;1000;11703000
743;1000;9902000
744;1000;8226000
745;1000;3788000
746;1000;8237000
747;110;1659000
748;1000;6188000
749;1000;7481000
750;1000;4296000
751;1000;8714000
752;1000;9028000
753;1000;2727000
754;1000;10748000
755;1000;9108000
756;1000;4062000
757;1000;6666000
758;1000;7270000
759;1000;5363000
760;1000;13696000
761;1000;9154000
762;1000;8337000
763;1000;9068000
764;1000;5408000
765;1000;8629000
766;22;617000
767;1000;12553000
768;1000;5604000
769;1000;11148000
770;1000;8032000
771;1000;8033000
772;1000;9303000
773;1000;6118000
774;1000;7390000
775;1000;1994000
776;413;4674000
777;1000;6181000
778;1000;11080000
779;1000;8733000
780;1000;8628000
781;1000;10804000
782;1000;9725000
783;1000;8423000
784;1000;6147000
785;1000;13501000
786;1000;13042000
787;1000;9092000
788;1000;9307000
789;104;1285000
790;1000;8822000
791;1000;8321000
792;405;5320000
793;1000;6780000
794;1000;5409000
795;1000;8379000
796;1000;2502000
797;1000;10002000
798;13;339000
799;24;497000
800;11;247000
801;1000;8906000
802;71;1041000
803;1000;8296000
804;1000;8710000
805;28;534000
806;1000;12413000
807;1000;10213000
808;16;481000
809;16;370000
810;12;250000
811;1000;11404000
812;1000;8937000
813;1000;14394000
814;1000;17063000
815;1000;7289000
816;1000;6190000
817;1000;14032000
818;1000;12966000
819;124;1766000
820;1000;16492000
821;1000;11225000
822;1000;12692000
823;1000;8232000
824;1000;10212000
825;1000;14436000
826;1000;4996000
827;1000;10605000
828;1000;9331000
829;1000;12090000
830;1000;6183000
831;1000;4652000
832;1000;10632000
833;1000;10169000
834;1000;3853000
835;1000;7833000
836;1000;9709000
837;1000;10156000
838;1000;8060000
839;1000;13137000
840;1000;8967000
841;62;1000000
842;82;1745000
843;1000;5740000
844;693;8410000
845;1000;10224000
846;1000;9021000
847;1000;11470000
848;1000;11042000
849;1000;13304000
850;260;2812000
851;176;3657000
852;1000;11180000
853;1000;9136000
854;1000;9642000
855;1000;8472000
856;582;12215000
857;27;585000
858;1000;4508000
859;1000;7962000
860;1000;14274000
861;1000;7997000
862;1000;9130000
863;1000;14001000
864;1000;14882000
865;154;2154000
866;1000;5053000
867;1000;11923000
868;1000;8898000
869;1000;13407000
870;1000;11594000
871;1000;8455000
872;1000;4933000
873;1000;11460000
874;382;4053000
875;1000;7919000
876;1000;14306000
877;1000;11392000
878;45;815000
879;1000;12850000
880;6;189000
881;1000;12031000
882;1000;17644000
883;1000;7640000
884;1000;8880000
885;1000;7949000
886;1000;9831000
887;1000;12552000
888;1000;12411000
889;10;321000
890;1000;13603000
891;1000;11324000
892;1000;10409000
893;623;8238000
894;444;5409000
895;1000;6775000
896;981;15734000
897;1000;7776000
898;1000;10115000
899;1000;13559000
900;1000;9690000
901;1000;12937000
902;1000;10208000
903;1000;13456000
904;1000;8911000
905;1000;7910000
906;1000;4125000
907;1000;8118000
908;1000;6320000
909;1000;2693000
910;1000;10043000
911;1000;10818000
912;1000;16240000
913;1000;12450000
914;1000;9949000
915;1000;10694000
916;1000;3994000
917;1000;1384000
918;1000;3297000
919;1000;2499000
920;1000;9908000
921;100;1391000
922;1000;10310000
923;1000;13779000
924;1000;8366000
925;1;1917000
926;1000;104309000
927;2;201000
928;113;8521000
929;73;21212000
930;647;23548000
931;1000;5108000
932;1000;5787000
933;1000;7585000
934;459;2336000
935;670;25037000
936;0;38000
937;1000;35790000
938;1000;7447000
939;137;1018000
940;1000;12641000
941;1000;5154000
942;7;117000
943;20;1216000
944;1000;5939000
945;1000;9512000
946;0;14000
947;2;97000
948;1000;3781000
949;31;3448000
950;33;24634000
951;1000;3602000
952;1000;60092000
953;1000;6053000
954;1000;4219000
955;1000;51477000
956;1000;5802000
957;203;2791000
958;666;2695000
959;1000;3227000
960;1000;2443000
961;107;1725000
962;1000;3248000
963;1000;3099000
964;1000;5828000
965;1000;5531000
966;258;2064000
967;1000;4751000
968;1000;7000000
969;1000;6243000
970;1000;3609000
971;0;102000
972;1000;21034000
973;36;672000
974;32;297000
975;52;5235000
976;15;968000
977;37;2082000
978;35;791000
979;0;24000
980;116;10024000
981;3;123000
982;31;542000
983;1000;2852000
984;1000;5635000
985;403;23254000
986;1000;16814000
987;1000;12208000
988;372;26688000
989;65;5317000
990;282;5312000
991;1000;9325000
992;11;1933000
993;731;13108000
994;77;1480000
995;1000;2172000
996;1000;6208000
997;59;349000
998;50;3300000
999;63;845000
1000;0;43000
1001;0;8000
1002;1000;279158000
1003;1000;5540469000
1004;1000;4390000
1005;0;18000
1006;764;3279000
1007;1000;229622000
1008;20;89000
1009;183;1201000
1010;1000;269998000
1011;54;450000
1012;1000;13317459000
1013;1000;3935332000
1014;54;466000
1015;0;16000
1016;233;1301000
1017;1000;331404000
1018;71;484000
1019;1000;321151000
1020;198;212000
1021;1000;376089000
1022;1000;21558000
1023;1000;390311000
1024;156;787000
1025;1000;23233000
1026;1000;282563000
1027;131;951000
1028;1000;489009000
1029;1000;351102000
1030;339;2047000
1031;634;3029000
1032;1000;51275000
1033;351;1875000
1034;1000;44121000
1035;1000;545945000
1036;1000;6167000
1037;1000;32354000
1038;1000;216796000
1039;0;26000
1040;1000;331532000
1041;1000;37993000
1042;1;48000
1043;1000;110495000
1044;357;1514000
1045;1000;449009000
1046;0;21000
1047;1000;6194000
1048;10;90000
1049;14;127000
1050;1000;162683000
1051;1000;4077554000
1052;1000;622800000
1053;1000;832105000
1054;8;88000
1055;0;14000
1056;1000;15584000
1057;1000;666389000
1058;1000;185545000
1059;1000;512337000
1060;74;559000
1061;1000;16544000
1062;1000;115998000
1063;1000;37735000
1064;1000;499809000
1065;1000;58959000
1066;1;43000
1067;1;35000
1068;1000;2396496000
1069;63;483000
1070;1000;5214000
1071;1000;653454000
1072;1000;317843000
1073;1000;66995000
1074;20;206000
1075;751;3755000
1076;1000;845179000
1077;1000;83851000
1078;1000;1395743000
1079;37;315000
1080;309;2022000
1081;0;14000
1082;1000;3222000
1083;1000;13664000
1084;1000;466545000
1085;1000;59249000
1086;1;47000
1087;60;418000
1088;0;13000
1089;0;12000
1090;0;10000
1091;0;11000
1092;1000;1727166000
1093;0;19000
1094;0;14000
1095;0;11000
1096;1;42000
1097;0;11000
1098;0;10000
1099;102;88000
1100;0;13000
1101;150;853000
1102;0;15000
1103;62;348000
1104;67;322000
1105;8;78000
1106;45;334000
1107;1000;129054000
1108;167;316000
1109;922;3705000
1110;1000;4267000
1111;341;832000
1112;2;42000
1113;295;1361000
1114;0;12000
1115;0;11000
1116;0;11000
1117;20;58000
1118;559;2693000
1119;1;29000
1120;1000;779585000
1121;1000;5007000
1122;2;47000
1123;1;27000
1124;1;26000
1125;285;876000
1126;1000;140578000
1127;21;234000
1128;42;346000
1129;1000;1288819000
1130;1000;475022000
1131;131;879000
1132;1;40000
1133;1000;319463000
1134;1000;2724765000
1135;1000;74993000
1136;1000;52373000
1137;29;238000
1138;4;56000
1139;1000;4743000
1140;1000;64532000
1141;29;172000
1142;805;3218000
1143;249;1327000
1144;11;105000
1145;681;2352000
1146;108;571000
1147;54;329000
1148;89;577000
1149;733;3506000
1150;1000;11412000
1151;1000;57315000
1152;7;99000
1153;1000;49520000
1154;318;1181000
1155;3;48000
1156;299;1550000
1157;1;32000
1158;366;1673000
1159;1000;162896000
1160;1000;133510000
1161;1000;77413000
1162;40;284000
1163;1;39000
1164;1;30000
1165;0;16000
1166;204;190000
1167;1000;45676000
1168;1;43000
1169;1000;771801000
1170;473;2393000
1171;7;61000
1172;0;14000
1173;1000;4770000
1174;1000;121531000
1175;1000;27480000
1176;40;316000
1177;1000;30353000
1178;282;1431000
1179;1000;95324000
1180;1;54000
1181;1000;15165000
1182;14;99000
1183;38;244000
1184;114;658000
1185;1;31000
1186;55;247000
1187;1000;17198000
1188;2;58000
1189;23;164000
1190;222;972000
1191;305;815000
1192;1000;7030000
1193;1000;63592000
1194;1000;5452000
1195;3;56000
1196;1000;25855000
1197;0;27000
1198;34;315000
1199;534;2806000
1200;1000;118085000
1201;1000;26466000
1202;45;216000
1203;1000;25073000
1204;1;42000
1205;1;33000
1206;9;65000
1207;20;171000
1208;890;3485000
1209;1000;98116000
1210;1000;24750000
1211;7;91000
1212;1;35000
1213;338;826000
1214;16;110000
1215;1;31000
1216;1;26000
1217;1000;14506000
1218;35;293000
1219;27;205000
1220;1000;75079000
1221;1000;6833000
1222;222;1164000
1223;210;872000
1224;1000;308151000
1225;1000;10332000
1226;1000;50378000
1227;17;145000
1228;277;1399000
1229;114;565000
1230;0;15000
1231;0;2000
1232;1000;6797000
1233;13;145000
1234;6;69000
1235;1000;11092000
1236;38;317000
1237;1000;112772000
1238;1000;3792000
1239;78;428000
1240;1000;219488000
1241;50;395000
1242;320;1798000
1243;1000;710079000
1244;1000;374065000
1245;0;20000
1246;259;1567000
1247;1;38000
1248;1;27000
1249;1000;5124000
1250;1;34000
1251;1;23000
1252;3;36000
1253;2;32000
1254;479;2508000
1255;1;30000
1256;0;11000
1257;0;9000
1258;0;8000
1259;0;8000
1260;0;16000
1261;0;5000
1262;1000;43000000
1263;1000;4816000
1264;150;909000
1265;1000;26431000
1266;1000;10753000
1267;500;2632000
1268;269;1366000
1269;1;34000
1270;1000;6973000
1271;654;2453000
1272;72;391000
1273;860;3185000
1274;34;259000
1275;13;87000
1276;1000;12655000
1277;1000;4503000
1278;1000;52677000
1279;5;82000
1280;185;1128000
1281;70;456000
1282;1000;75153000
1283;27;251000
1284;215;923000
1285;76;469000
1286;1000;43761000
1287;1000;375750000
1288;1;48000
1289;1;21000
1290;1;43000
1291;1;29000
1292;68;412000
1293;9;94000
1294;0;15000
