 Loading the index...
 Index loaded 1758051510 bytes
0;1;10008358
1;1000;2681487
2;1;1648807
3;27;3691168
4;273;2175471
5;1;1646972
6;1;1143476
7;2;290900
8;1;32449349
9;1000;2617324
10;2;1454009
11;10;1670843
12;1;214365
13;81;6999212
14;8;11801722
15;11;10832590
16;4;162210
17;10;134985
18;3;14383357
19;2;2046801
20;4;458249
21;50;52957064
22;5;3183608
23;17;24023027
24;2;8442490
25;2;11333427
26;245;2003496
27;10;854589
28;1;256542
29;248;41178404
30;1;2065764
31;2;131275
32;1;10049053
33;1;15325295
34;102;17980587
35;2;4050976
36;11;25731951
37;1;281156
38;9;16822232
39;1;4252677
40;1;117361
41;1;15237928
42;7;1671663
43;1;5046065
44;5;7025352
45;1;52469122
46;1;2826056
47;1;753609
48;3;6998490
49;1000;5930096
50;1;2380770
51;1;1854535
52;1;563045
53;1;1416376
54;1;13676151
55;32;499363
56;926;2933524
57;1;256040
58;1;3263444
59;1;62710
60;1;34933661
61;1;269474
62;507;8052669
63;4;1183926
64;2;82675
65;2;1464061
66;1;2020855
67;26;2437569
68;1;558550
69;6;1721028
70;29;126138
71;1;283173
72;1;2109622
73;308;148274681
74;1;604195
75;1;1419001
76;15;18529722
77;24;1518921
78;3;1852320
79;1;9828813
80;16;4690574
81;76;281826
82;1;949084
83;32;1176994
84;56;1961885
85;1;1406464
86;37;329669
87;1;663722
88;20;1113907
89;1000;3485995
90;1;2645471
91;35;505044
92;1;2120298
93;22;207972
94;1;116245
95;1;917520
96;1000;4137078
97;4;1018045
98;1;1256306
99;188;22178841
100;1;203698
101;1;1303684
102;1;2336603
103;1;3594550
104;1;38303590
105;1;567643
106;9;5672453
107;1;362836
108;76;894833
109;143;2554749
110;7;2950984
111;33;280038
112;688;9869695
113;3;46855777
114;233;5433083
115;1;871862
116;8;1932691
117;7;3120438
118;1000;132383528
119;1;1362539
120;1;7490294
121;2;254481
122;5;2679471
123;1;3697178
124;93;688611
125;1;683523
126;12;5668848
127;4;1138774
128;3;2294777
129;1000;1510794
130;1;2547386
131;1;14691330
132;3;24966810
133;2;602101
134;1;144325
135;1;404054
136;1;541565
137;120;674230
138;2;4674815
139;7;14715569
140;365;1997174
141;1;6591336
142;23;2702238
143;7;6768608
144;1;1137932
145;122;3875902
146;2;1196727
147;71;765367
148;1;535605
149;61;866427
150;1;10427125
151;1;15095540
152;1000;5118082
153;1;22098084
154;9;350498
155;3;2278381
156;6;1018159
157;1;735047
158;7;514871
159;1;3305861
160;1;741349
161;386;3325454
162;30;5388101
163;1;94187
164;18;544343
165;1000;10542905
166;1;1755561
167;97;411315
168;1000;3454303
169;2;2716616
170;83;84828627
171;1000;3960305
172;2;154808668
173;234;5518366
174;1;24697730
175;1000;786034
176;1;822030
177;1;9050428
178;1;2867809
179;1000;4425622
180;1;150574
181;1;1477134
182;128;2444996
183;1000;9068156
184;1;33410331
185;1;2423847
186;1;4510246
187;1;1382922
188;2;1680407
189;3;5000367
190;59;34883392
191;2;56657285
192;1;1671192
193;1;753595
194;1000;5880911
195;1;13298115
196;80;5018772
197;3;7014924
198;8;132818
199;65;9811368
200;1000;1786916
201;2;5251133
202;35;13244480
203;8;1244754
204;1;275528
205;1;4416177
206;3;356597
207;1;432131948
208;2;259535
209;568;3259542
210;1;26556590
211;113;5441611
212;1;3799037
213;9;1050969
214;1;19449939
215;3;2499108
216;1;1021972
217;1;378188
218;1000;10590625
219;3;1244777
220;3;15505537
221;1;366620
222;1;1414802
223;12;1753037
224;1;1823079
225;3;1932639
226;3;57089710
227;1;1445189
228;1;13917387
229;5;165612
230;34;6078405
231;2;258029
232;31;5470483
233;1;11413537
234;1;3402370
235;1;7417515
236;4;1829341
237;1;93542445
238;1;1944473
239;22;17913104
240;1000;19157099
241;12;1856764
242;7;1684255
243;5;4829032
244;1;403720
245;1;334999
246;3;214834
247;1;346997
248;1;20242385
249;4;14902151
250;1;617790
251;2;1327479
252;87;1809998
253;30;4264342
254;2;8847463
255;15;1948256
256;2;2065857
257;1;236071
258;2;900297
259;1;743584
260;1;652063
261;2;4403972
262;1;712015
263;2;119423
264;2;72760
265;284;2225036
266;1;231827
267;1;949350
268;3;648603
269;1000;3894731
270;1;2928608
271;1;1208104
272;1000;6271798
273;3;286637
274;2;2825356
275;64;3895808
276;2;101186
277;25;274210
278;5;2397789
279;3;3257236
280;5;345799153
281;1;1389334
282;1;271859
283;12;111879448
284;17;774627
285;1;5188827
286;1000;4292073
287;4;42318556
288;37;3561954
289;1;2199162
290;3;150508311
291;432;1886766
292;1;182775
293;172;6392483
294;8;589136
295;1;128500
296;38;1262502
297;3;3754022
298;1;4549157
299;1;116301
300;1;3780097
301;10;1483360
302;2;1760116
303;4;2472831
304;6;81590
305;52;1119216
306;1;53293
307;2;4278080
308;4;1065739
309;320;2628346
310;1;156312
311;1;12173942
312;1000;2823229
313;1;4822599
314;1;831412
315;2;3240580
316;24;480158
317;24;573770
318;1;347695
319;1;138767
320;2;2916493
321;1;592496
322;1;32388860
323;22;1489789
324;67;1671756
325;1;9031536
326;1;1375389
327;4;18500482
328;1;922054
329;1;76185
330;1;1550980
331;2;12612445
332;21;2545728
333;1;1106617
334;18;1251079
335;1;310284
336;1000;12335194
337;50;9708996
338;830;2697251
339;6;2136161
340;1;885727
341;1;4210508
342;24;65141148
343;7;650208
344;1;5679881
345;1;21206475
346;2;18107535
347;1;1481871
348;4;4098572
349;1;568899
350;2;8537989
351;1;31695837
352;48;743037
353;7;1114993
354;9;4343905
355;1000;12728778
356;2;27776336
357;23;4043636
358;1;329313
359;1;9659966
360;1;14085357
361;1;14700134
362;14;1394773
363;30;5350743
364;21;1890216
365;1000;8051203
366;1;10041227
367;1;7885935
368;704;4806543
369;3;1056849
370;1;435870
371;2;513305
372;1;22722807
373;8;171216
374;1000;14671534
375;1;2787578
376;65;525742
377;1;3116028
378;1;2340974
379;1;1800216
380;1000;7655707
381;1;88278
382;1;165283
383;1;64765
384;3;339725
385;1;34244668
386;486;16369118
387;1;285616
388;50;504092015
389;4;8706541
390;1000;4670917
391;6;556589
392;3;428004
393;16;3136152
394;883;17607991
395;1;3266092
396;1000;6086055
397;221;27576310
398;20;1157571
399;1;11030030
400;1;3589957
401;1;1064114
402;23;2581063
403;1000;2520583
404;2;8577666
405;2;452079
406;4;1960311
407;4;3890007
408;59;431184503
409;1;2087208
410;6;24401206
411;1;345174
412;1;27713270
413;14;2379875
414;2;14862452
415;3;26693018
416;141;23643533
417;1;744627
418;1;257484
419;3;2852256
420;151;2258691
421;2;9443443
422;25;273468
423;1;1537714
424;1;9058794
425;1;4557970
426;1;8785528
427;1;8446471
428;1;796064
429;1;10855142
430;2;89015315
431;117;1362069
432;2;74858
433;49;16065067
434;1;656362
435;2;4334905
436;1;726787
437;1;98060
438;1;723787
439;3;751647
440;2;1534687
441;2;2251872
442;10;599446
443;1000;10961644
444;1;927945
445;1;25563309
446;7;1499740
447;3;1803515
448;2;19657821
449;32;1558521
450;2;901759
451;56;11214416
452;1000;3827943
453;1000;2704051
454;1;6429805
455;29;6969505
456;5;418949
457;1;95905
458;328;1803204
459;1;1352449
460;83;5361904
461;6;97717611
462;1;15726251
463;1;5597433
464;4;507550
465;1;3472367
466;2;659957
467;1;780034
468;19;1582489
469;1;777270
470;1000;4511509
471;1;2482382
472;1;394114
473;2;15125365
474;1;1390494
475;248;2515685
476;1;1854021
477;349;2801616
478;1;2523936
479;2;421432
480;14;6296653
481;73;9455059
482;2;752698
483;2;550811
484;1;147675
485;1;68847
486;1;3836877
487;1;158552
488;20;2227091
489;48;2376331
490;1;4535773
491;1;60939829
492;120;740706
493;1;554012
494;1;1495459
495;1000;4111093
496;153;4147544
497;3;387061578
498;1;601556
499;3;4368377
500;1;41089390
501;1;48668669
502;150;1222051
503;29;1617044
504;1;24259179
505;1;15045892
506;1;94197
507;1;1034956
508;11;1086017
509;1;172900
510;1000;5815769
511;1;745528
512;4;7203739
513;117;6200831
514;2;10178597
515;1;31625475
516;26;16218916
517;4;2071979
518;13;863589
519;1;204713
520;18;2424335
521;4;3756743
522;1000;5483026
523;1;3519240
524;532;11675889
525;1;5366386
526;1;628460
527;131;6175556
528;1;798623
529;1;9623169
530;1;953235
531;6;717324
532;141;778555
533;8;3678625
534;250;17628636
535;1000;4374742
536;149;2802525
537;4;419557
538;4;14945679
539;2;15481202
540;3;665190
541;1;507042
542;1;330847
543;5;4506967
544;1;258603
545;1;73079
546;6;280699
547;1;907174
548;3;1130312
549;1000;4915715
550;1;9091646
551;2;258253
552;1;106545
553;1;371300
554;7;411777
555;1;4565575
556;1;613522
557;1;12240963
558;309;5197174
559;6;940106
560;1;1255819
561;3;2894649
562;12;11256690
563;1000;4050337
564;3;893408
565;1;1918732
566;2;16251679
567;2;310629
568;6;137309
569;326;7989281
570;13;197823404
571;1;151073326
572;77;1360889
573;3;1912106
574;1;6671780
575;1;3840177
576;1;1088829
577;1;1293592
578;1;3607773
579;697;3031526
580;9;5644475
581;3;110902075
582;1;66150
583;1;103161
584;1;15100256
585;3;197442
586;2;436214813
587;3;1024654
588;4;1052356
589;1;595829
590;1;3227334
591;2;602143
592;2;20894102
593;6;12982779
594;1;9307347
595;1000;4544102
596;5;179240
597;1;93079
598;2;160460
599;1;5948652
600;1000;7849357
601;1000;2685213
602;279;763270
603;448;1768779
604;263;23683068
605;1;645492
606;1;13813018
607;1000;8544844
608;30;14907644
609;2;5018718
610;1;2604506
611;1;1289899
612;1;1314042
613;2;75678136
614;1;47304776
615;193;4658717
616;16;12460681
617;3;1317410
618;3;1042680
619;26;18001318
620;2;74190
621;1;226009
622;18;951215
623;2;4078884
624;23;4174630
625;3;823769
626;1;19220493
627;1;88338
628;5;277268
629;4;1107458
630;1000;4536247
631;523;7537965
632;39;4963964
633;52;2761231
634;10;1892195
635;1;304650
636;1;2652000
637;2;815952
638;6;703880
639;2;4304237
640;250;2762332
641;3;1703997
642;3;3656783
643;3;900717
644;3;90775
645;1;456385
646;1;1637765
647;476;937882
648;2;7188319
649;1;899534
650;3;48825175
651;1;5408184
652;2;1380309
653;109;2869007
654;8;1861471
655;13;3491052
656;30;2526139
657;3;1224454
658;8;3649415
659;2;2290448
660;2;4411497
661;1;2970155
662;2;124521316
663;806;26065371
664;3;3047806
665;3;4014028
666;1;1132447
667;1;3384188
668;1;5745639
669;1000;7817329
670;9;12640901
671;5;6096773
672;2;305235
673;1;2540290
674;2;11734238
675;1;3874975
676;2;1224554
677;10;1576904
678;1;47339
679;37;31043494
680;1;156112
681;1;353665
682;1000;2296569
683;2;1782088
684;108;528590
685;3;453752
686;1;4127364
687;2;1440861
688;9;745209
689;1;249754
690;2;567526
691;2;18222048
692;1;1840966
693;1;301324
694;1;565610
695;85;9797371
696;240;1365221
697;1;931289
698;1;835300
699;4;6635830
700;3;183462
701;3;1311279
702;8;294123
703;14;3940220
704;12;23909763
705;36;3907585
706;1;248695
707;1;206125
708;447;1932992
709;125;1246319
710;61;7600624
711;7;4637019
712;1;64631077
713;2;1081109
714;1000;18978766
715;143;12059289
716;1;2123859
717;1;31662078
718;1;1664354
719;1;359550917
720;2;875302
721;3;557417
722;597;18629540
723;1;447819
724;322;6315331
725;1;20621455
726;2;928647
727;1;181676673
728;9;2094227
729;177;2575233
730;2;759015
731;1000;3464837
732;6;2267060
733;1;2304556
734;1;232355
735;7;927174
736;13;1404264
737;3;4589112
738;1;15890936
739;1;7800936
740;7;458677
741;47;3486090
742;1;12779522
743;1;777854
744;1;105232
745;1;61417
746;1;30705201
747;1;109832
748;1;297230
749;3;62168288
750;8;60501014
751;534;3787034
752;1;3031957
753;7;5476741
754;6;178936830
755;1000;5375356
756;1;1280570
757;1;13144012
758;1;89002
759;1;2087564
760;1;660351
761;24;1263550
762;6;5068156
763;12;1710151
764;4;145695
765;4;316808
766;1;140917
767;5;15195970
768;1;335210
769;14;1449337
770;9;2873044
771;39;354556
772;889;12123044
773;1;2381558
774;3;17366230
775;587;11038553
776;10;638680
777;4;979416
778;3;346229
779;1;1597169
780;5;37035068
781;19;570687
782;1;6775823
783;1;120282
784;2;90502
785;2;3720592
786;2;1069470
787;2;2367338
788;20;474002
789;1;272127
790;1000;16359157
791;1;14933735
792;3;4071255
793;10;178483
794;9;2094701
795;7;1568471
796;510;499278
797;2;129377780
798;1;247642
799;1;1233606
800;1000;4120324
801;1;66183
802;2;85174
803;724;9454488
804;113;11084585
805;1;112826
806;42;622882
807;7;1352769
808;8;1770175
809;2;469525
810;21;176038
811;6;161347799
812;2;377982
813;2;67513274
814;1;365022
815;5;94206130
816;202;6743609
817;1;5035259
818;1;1753354
819;2;711807
820;6;9470315
821;23;186250922
822;3;546441
823;1;22278927
824;1;48509
825;4;682599
826;1000;10548843
827;81;3496492
828;2;2738318
829;1;3497361
830;264;7323286
831;1;88655
832;63;1607370
833;1;1327824
834;3;74705
835;4;326922
836;1;600970
837;1;65692
838;5;6571254
839;126;838136
840;1;108575
841;11;2917663
842;19;21186475
843;1;14302366
844;37;300975
845;1;94434815
846;1;3865601
847;3;2058882
848;3;255855
849;2;845368
