 Loading the index...
 Index loaded 22560447990 bytes
0;1000;4487819
1;1000;273685017
2;1000;21148613
3;1000;757549791
4;1000;368296709
5;57;2063316404
6;1000;98244997
7;1000;563523788
8;1000;240148800
9;1000;15431286
10;1000;87920981
11;1000;155466291
12;1000;297884650
13;57;2099201496
14;1000;9308927
15;1000;18004316
16;1000;141631276
17;1000;8011613
18;1000;52920620
19;1000;377898465
20;0;53863348
21;1000;5062756
22;1000;23133541384
23;1000;24354221
24;1000;10403366
25;1000;8403834
26;1000;10416662
27;1000;4398793
28;1000;8512228
29;1000;35942278383
30;1000;171166628
31;1000;1264326853
32;1000;9098675
33;1000;14862523
34;1000;5244441
35;1000;81907658
36;183;93185193424
37;1000;60745581
38;1000;6749698
39;1000;12794942
40;1000;3617858331
41;1000;23670756
42;1000;33735057
43;1000;173540348
44;8;2213419557
45;1000;48512707
46;229;2185427886
47;0;2048929
48;71;2586633853
49;1000;16842388
50;1000;20165741
51;1000;34082362
52;1000;29965423
53;1000;22547840
54;1000;16669313
55;1000;33653239
56;1000;446947866
57;0;2779547197
58;83;2207231648
59;79;2207348449
60;1000;20126208
61;1000;20281779
62;95;16257941
63;1000;200327191
64;1000;32814179
65;1000;18150593
66;0;33885010
67;0;20977810
68;28;24718836
69;20;45868483
70;1000;30256966
71;1000;27231684
72;1000;452888234
73;1000;413122639
74;1000;65765593
75;1000;16663404
76;1000;15739356
77;1000;8029770
78;1000;19549812
79;1000;5185927
80;1000;30290706
81;1000;25430990
82;1000;11922962
83;25;3932380
84;200;12453717
85;398;11636040
86;692;36643726
87;1000;11062915
88;1000;35388552
89;1000;11854388
90;1000;44072433
91;23;3183225
92;1000;354207096
93;1000;354820792
94;1000;9450501
95;1000;11874620
96;1000;21057936
97;1000;9160484
98;1000;49402048
99;1000;3022790
100;1000;26618944
101;1000;95287592
102;1000;45620490
103;1000;98301001
104;41;4659064
105;1000;23257087
106;1000;19550271
107;1000;20352758
108;1000;9491295
109;0;800795
110;1000;98551573
111;1000;90758162
112;1000;10674640
113;1000;29253174
114;1000;128606703
115;1000;86794298
116;1000;21442810
117;1000;718504318
118;0;44147
119;0;15840
120;1000;2612067262
121;1000;20786915
122;0;1990492972
123;1000;20807248
124;1000;13579373
125;606;31388152
126;1000;40774611
127;1000;24393513
128;1000;15317357
129;1000;53335282
130;1000;10165315
131;605;12910893
132;0;230729760
133;1000;72627603
134;1000;22878534
135;585;16608376
136;1;14428131
137;1;20886562
138;322;23885912
139;1000;29098795
140;50;53586190
141;1000;4887414
142;1000;2740398
143;1000;16604362
144;62;49791819
145;1000;17960849
146;1000;12368754
147;1000;30930325
148;1000;24065651
149;1000;48134921
150;99;122343110
151;1000;5278413
152;1000;24717545
153;1000;117469786
154;1000;18560969
155;1000;15202521
156;365;5360401
157;1000;3091975
158;1000;780835573
159;1000;770301731
160;1000;824566833
161;1000;712561055
162;922;1226478335
163;1000;15026774
164;1000;9330059
165;1000;15063985
166;1000;14874569
167;1000;20863045
168;1000;17799605
169;1000;13683472
170;1000;25012476
171;1000;25458930
172;1000;17035025
173;1000;6167495
174;1000;12349760
175;1000;5244211
176;1000;16121028
177;1000;397708463
178;1000;14981764
179;1000;3943377
180;1000;19263631
181;1000;18091087
182;1000;27535440
183;1000;10142719
184;1000;7927983
185;1000;7209580
186;1000;11113385
187;1000;10529295
188;1000;26541791
189;0;41766542462
190;118;50032844
191;1000;14124355
192;1000;26300572
193;1000;16936221
194;0;127745019
195;1000;5123634
196;1000;1693976
197;1000;194845563
198;1000;8378467
199;1000;10971197
200;1000;15947204
201;296;121643968
202;1000;9934496
203;1000;66058007
204;1000;18292115
205;1000;4641629
206;1000;7776293
207;1000;4463371
208;1000;19945063
209;1000;36086036
210;1000;11427462
211;1000;174087910
212;1000;14996829
213;1000;208697208
214;1000;3304667
215;0;24138
216;1000;7174792
217;1000;21016304
218;1000;4796734
219;1000;7145190
220;1000;15028024
221;1000;12050719
222;1000;34885228
223;18;4956934385
224;1000;21025675
225;1000;20657893
226;1000;8984588
227;86;60204712
228;12;4159739
229;1000;9294123
230;1000;7079045
231;1000;13121384
232;18;2133105
233;1000;21567310
234;1000;8410964
235;1000;16869178
236;1000;451870557
237;1000;2987306
238;1000;30071429
239;57;1280147
240;1000;3968919
241;1000;5106524
242;1000;3699059
243;1000;21158852
244;1000;24018395
245;78;43989448
246;1000;5352053
247;1000;26485429
248;1000;16606291
249;1000;23609626
250;1000;6427887
251;1000;5362531
252;1000;41563781
253;1000;8153909
254;1000;21407072
255;1000;100050738
256;201;4019677
257;1000;22902408
258;432;4952296
259;1000;26294351
260;1000;14096627
261;171;7755474
262;1000;13751787
263;1000;16989428
264;1000;25161604
265;1000;529358336
266;1000;17339290
267;1000;10575469
268;1000;8923783
269;1000;13667805
270;1000;5296066
271;0;18930
272;1000;31166060
273;257;33557656
274;1000;25672289
275;1000;3841442
276;5;6190489588
277;1000;18844758
278;617;6211702
279;1000;6468186
280;1000;10780159
281;1000;151683864
282;0;1773423
283;1000;4603321
284;1000;8641305
285;1000;14962197
286;340;37312856
287;202;19322283
288;1000;4811852
289;1000;13486316
290;1000;102629201
291;1000;13215259
292;1000;68352234
293;1000;12364911
294;1000;19250151
295;1000;26770244
296;1000;22779160
297;1000;18047967
298;1000;53382089
299;0;26660
300;1000;10486641
301;1000;20242381
302;29;7531185
303;1000;10646168
304;1000;9677494
305;0;830674284
306;1000;21089723
307;1000;24756395
308;1000;9985443
309;330;9188306
310;1000;16171208
311;1000;7846207
312;1000;13960652
313;68;2565425
314;38;1444922
315;1000;17674262
316;1000;8583040
317;1000;6415864
318;1000;5352206
319;1000;25808416
320;1000;13905153
321;1000;18270052
322;1000;23577734
323;703;851239468
324;697;675292420
325;1000;119949792
326;1000;16063162
327;1000;16882231
328;362;18863962
329;1000;25545986
330;0;4986999
331;1000;27812223
332;1000;11672593
333;1000;3734955
334;267;14807478659
335;1000;6814491
336;1000;29392319
337;1000;12815493
338;1000;13530898
339;1000;6788381
340;1000;7598094
341;1000;418605172
342;1000;2510570
343;1000;8380764
344;1000;11222632
345;1000;7651853
346;1000;5664377
347;1000;6778335
348;1000;8776490
349;1000;15071253
350;1000;21589032
351;1000;293831870
352;1000;5957699
353;1000;18848679
354;1000;4057507
355;1000;6874205
356;1000;11555725
357;1000;11100382
358;1000;14171000
359;0;9155950913
360;1000;4542411
361;1000;6597255
362;609;10312263
363;1000;9809228
364;1000;14344610
365;10;301293
366;1000;5075390
367;8;1108791
368;1000;4323776
369;1000;6754118
370;1000;12105247
371;1000;17036278
372;1000;9551619
373;1000;7705115
374;1000;4537397
375;1000;4181079
376;1000;2631436
377;1000;6212510
378;1000;981704
379;1000;2461114
380;1000;3099095
381;1000;2810953
382;1000;892038
383;1000;891796
384;1000;897050
385;1000;2590098
386;1000;2997322
387;1000;4108687
388;1000;2311339
389;1000;1981021
390;1000;903941
391;1000;4681269
392;1000;5749267
393;1000;5391409
394;1000;6497492
395;1000;12766199
396;1000;5960885
397;1000;19289251
398;1000;9334645
399;60;1176771
400;1000;13552263
401;1000;7451499
402;1000;7241798
403;1000;15920328
404;1000;20218595
405;1000;7645347
406;1000;5276448329
407;1000;12074316
408;1000;17126812
409;1000;15845554
410;1000;10990020
411;1000;11020280
412;1000;21080786
413;1000;15374177
414;1000;5135725
415;1000;12392736
416;19;3580075
417;1000;13670402
418;1000;4561333
419;1000;8753137
420;0;10365590190
421;1000;13791815
422;1000;6853620
423;1000;3054904
424;1000;4436992
425;1000;17926340
426;1000;2025022
427;1000;5861171
428;1000;5761208
429;1000;15255104
430;1000;8414903
431;1000;5404809
432;1000;15096325
433;1000;3734674
434;1000;9915601
435;1000;4620790
436;1000;4913015
437;1000;9254263
438;1000;16361743
439;1000;5141542
440;1000;9748238
441;1000;6956204
442;1000;5280951905
443;1000;5276466593
444;1000;15019329
445;1000;6303705
446;1000;2821353
447;0;336435129251
448;1000;4764646
449;1000;12412256
450;1000;10583093
451;1000;10438369
452;344;6246336
453;1000;11966974
454;1000;4909164
455;781;21264960
456;1000;5149703
457;1000;9052397
458;1000;7274377
459;1000;702804
460;91;1939845
461;657;9181444
462;23;2074942728
463;1000;16621023
464;1000;6328495
465;1000;9509399
466;1000;9279068
467;1000;10722783
468;1000;13248655
469;1000;7072195
470;1000;18665249
471;7;192818
472;62;130666759
473;1000;13029908
474;55;129307347
475;0;13617893
476;0;21914763
477;0;6593253
478;0;6519453
479;0;5531152
480;1000;11886981
481;1000;7610790
482;1000;7053608
483;701;13957485
484;1000;6456966
485;1000;25925641
486;1000;14181694
487;1000;8542022
488;1000;7040840
489;1000;9081078
490;1000;5974218
491;1000;12194754
492;1000;10271501
493;6;560457
494;1000;34778405
495;1000;4173894
496;1000;15183495
497;1000;34673283
498;1000;8525754
499;1000;11962949
500;1000;11341390
501;1000;7699878
502;0;337227969
503;140;3069138
504;1000;15066369
505;1000;115546300
506;17;541453
507;1000;4768309
508;1000;7426485
509;221;20261402
510;1000;112873362
511;1000;10251320
512;1000;14254311
513;1000;9002301
514;1000;7949454
515;1000;11997507
516;1000;8755871
517;1000;7121873
518;1000;8077184
519;1000;9681491
520;1000;5114397
521;1000;9455593
522;1000;19924857
523;1000;12845345
524;0;12009
525;1000;22745024
526;1000;2404879
527;0;14643
528;1000;12789495
529;1000;11545942
530;1000;3887966
531;20;384165
532;1000;18166433
533;1000;5072871
534;1000;8670506
535;1000;25247568
536;1000;11529806
537;1000;9272739
538;1000;115055005
539;1000;13410334
540;1000;12085716
541;370;581682289
542;1000;19368709
543;1000;5135678
544;35;1114277
545;746;16440120
546;1000;14155594
547;193;2066641
548;1000;13478780
549;1000;11693106
550;1000;8245573
551;315;6853426
552;1000;6679779
553;1000;7241694
554;2;55383
555;15;1576871787
556;1000;25123085
557;1000;13574305
558;1000;9741753
559;1000;13440848
560;1000;10479672
561;1000;14820745
562;1000;3740455
563;1000;113011394
564;1000;9536853
565;50;530737
566;490;34023349
567;1000;13198596
568;86;23521706
569;1000;15454027
570;1000;10608347
571;1000;22312519
572;1000;691664212
573;1000;4981115
574;1000;9157965
575;1000;10597172
576;1000;6927289
577;1000;17630430
578;1000;15016434
579;1000;14412925
580;1000;808379444
581;1000;8789443
582;1000;3818223
583;1000;6236571
584;1000;15615391
585;1000;59818728
586;1000;11367055
587;1000;10843534
588;1000;10898262
589;1000;16235196
590;1000;19983483
591;1000;5251828
592;54;1177190201
593;1000;10017826
594;0;5993721473
595;1000;5275048063
596;1000;14390305
597;1000;6883877
598;1000;16393320
599;1000;8821979
600;1000;14449687
601;1000;9790128
602;1000;18198017
603;1000;9750341
604;1000;7606458
605;93;1572477
606;1000;15518209
607;1000;12479046
608;1000;4424636
609;0;20295
610;24;517894
611;1000;16100177
612;1000;6109880
613;1000;11402456
614;1000;4018182
615;1000;31478293
616;1000;7396936
617;119;3323827543
618;1000;9866322
619;1000;6042160
620;1000;18437133
621;1000;8149304
622;1000;9374166
623;1000;14363392
624;1000;14784392
625;1000;13428744
626;0;2704778
627;1000;143498852
628;47;814617
629;1000;8837996
630;1000;18333186
631;1000;11159837
632;1000;9158486
633;0;847678471
634;1000;8187769
635;0;293553155
636;0;46396144
637;0;25748
638;1000;8397179
639;1000;5846703
640;1000;36102304
641;1000;6132748
642;407;17566747
643;1000;16263560
644;293;34376895
645;1000;6877387
646;1000;11906071
647;1000;11830776
648;1000;12715806
649;1000;14099412
650;1000;37157976
651;1000;13388571
652;1000;59228593
653;1000;1615087
654;1000;9105174
655;1000;6006325
656;1000;4058194
657;267;11191021
658;1000;13621679
659;1000;115503931
660;1000;32601059
661;1000;22893064
662;1000;17574492
663;1000;9929320
664;6;278074
665;68;44132601
666;170;4794467
667;1000;19514373
668;1000;14322655
669;1000;7065587
670;1000;5693432
671;1000;21538170
672;1000;4193421
673;1000;13886138
674;1000;6227668
675;595;5858438
676;1000;14748814
677;302;6710788
678;1000;16104996
679;1000;9030667
680;1000;18744108
681;1000;4171319
682;260;2207109
683;34;1747018
684;1000;6588653
685;1000;13782255
686;1000;14343890
687;0;3517994
688;1000;13187821
689;1000;11405200
690;1000;11890146
691;1000;18538201
692;1000;7986868
693;1000;15111457
694;1000;6011224
695;1000;12408851
696;1000;11715580
697;1000;6917089
698;1000;4614835
699;1000;5049959
700;1000;4843464
701;1000;6760028
702;1000;8895333
703;1000;3159840
704;23;279675
705;1000;10753175
706;1000;8554446
707;56;418191
708;1000;8097592
709;1000;4588202
710;1000;7932522
711;1000;3428067
712;1000;4666684
713;1000;6777644
714;2;74780
715;1000;9050072
716;1000;8580763
717;1000;7952486
718;1000;4294448
719;1000;5710761
720;1000;12455524
721;1000;8149512
722;1000;8063740
723;1000;5552131
724;1000;7404186
725;8;142955
726;1000;11148295
727;1000;8301253
728;1000;4895064
729;15;251897
730;1000;8206491
731;1000;9478753
732;1000;9663110
733;1000;7377160
734;1000;9214765
735;1000;8390756
736;1000;8138359
737;1000;7219025
738;1000;6675670
739;1000;7818259
740;1000;9938521
741;1000;11476843
742;1000;10630850
743;1000;9214012
744;1000;7296152
745;1000;3485401
746;1000;7811152
747;110;1014295
748;1000;5644747
749;1000;6747081
750;1000;3751590
751;1000;8622241
752;1000;8277784
753;1000;2553190
754;1000;10171003
755;1000;8873840
756;1000;3862386
757;1000;6020554
758;1000;6761420
759;1000;4854213
760;1000;11371109
761;1000;7965234
762;1000;8088864
763;1000;8187388
764;1000;4308510
765;1000;8444626
766;22;355093
767;1000;11208333
768;1000;5174877
769;1000;9953223
770;1000;7697277
771;1000;7913852
772;1000;8271584
773;1000;5659263
774;1000;6735570
775;1000;1840926
776;413;3923364
777;1000;5670554
778;1000;10177050
779;1000;5973501
780;1000;8005366
781;1000;9734813
782;1000;9579048
783;1000;7746358
784;1000;5597554
785;1000;11796747
786;1000;11264859
787;1000;7895115
788;1000;8361871
789;104;777967
790;1000;8580502
791;1000;8054132
792;405;4624941
793;1000;6495803
794;1000;5036172
795;1000;7509259
796;1000;2358852
797;1000;9450501
798;13;193637
799;24;299042
800;11;156003
801;1000;8567818
802;71;648333
803;1000;7956562
804;1000;7564522
805;28;327084
806;1000;10906770
807;1000;9626900
808;16;269367
809;16;226499
810;12;159632
811;1000;10086930
812;1000;8081854
813;1000;11791863
814;1000;14025815
815;1000;6439670
816;1000;5443772
817;1000;11937645
818;1000;11419217
819;124;1103944
820;1000;13111473
821;1000;10071715
822;1000;10773829
823;1000;7607217
824;1000;9870978
825;1000;11996247
826;1000;4005992
827;1000;9562932
828;1000;8704458
829;1000;10157225
830;1000;5584394
831;1000;3924471
832;1000;9420801
833;1000;9062685
834;1000;3687951
835;1000;6914635
836;1000;8704154
837;1000;8778094
838;1000;7133277
839;1000;11052212
840;1000;8020619
841;62;610564
842;82;1010467
843;1000;5468053
844;693;7474960
845;1000;9091278
846;1000;8118516
847;1000;10252408
848;1000;9641930
849;1000;11784289
850;260;2642290
851;176;2076211
852;1000;10308159
853;1000;8733117
854;1000;8308844
855;1000;7320910
856;582;9836285
857;27;345631
858;1000;3820305
859;1000;6983257
860;1000;11797854
861;1000;5481319
862;1000;8803686
863;1000;11569634
864;1000;12651676
865;154;1337496
866;1000;4728525
867;1000;9814242
868;1000;7936169
869;1000;11755183
870;1000;10118723
871;1000;7999327
872;1000;4640324
873;1000;10314511
874;382;3521683
875;1000;5368582
876;1000;11914774
877;1000;10272943
878;45;496594
879;1000;11216307
880;6;110830
881;1000;10881489
882;1000;14458062
883;1000;7071882
884;1000;7659109
885;1000;7591925
886;1000;6463581
887;1000;10909649
888;1000;11106839
889;10;185129
890;1000;10647603
891;1000;10103756
892;1000;9486778
893;623;6933479
894;444;4363636
895;1000;6077318
896;981;12731011
897;1000;6973392
898;1000;8533404
899;1000;11749307
900;1000;9037156
901;1000;11377092
902;1000;9346149
903;1000;11505432
904;1000;8259540
905;1000;7069494
906;1000;3944027
907;1000;7637527
908;1000;5884975
909;1000;2481815
910;1000;9007466
911;1000;9253321
912;1000;13282601
913;1000;11088278
914;1000;8753069
915;1000;9601875
916;1000;3639627
917;1000;1353589
918;1000;3081507
919;1000;2334796
920;1000;9033340
921;100;837925
922;1000;9480763
923;1000;11899334
924;1000;7504657
925;1;2228621
926;1000;166156596
927;2;167572
928;113;9131269
929;73;23759029
930;647;21656068
931;1000;5067424
932;1000;4962389
933;1000;8104556
934;459;2023376
935;670;21596108
936;0;41425
937;1000;36612928
938;1000;4560345
939;137;751775
940;1000;17740753
941;1000;4290047
942;7;84789
943;20;1119699
944;1000;4000265
945;1000;8113954
946;0;16063
947;2;165732
948;1000;3071765
949;31;2897873
950;33;40346376
951;1000;3086553
952;1000;97225632
953;1000;3975002
954;1000;3213609
955;1000;60081867
956;1000;3930832
957;203;1555579
958;666;2492758
959;1000;2925528
960;1000;2402646
961;107;1398185
962;1000;2764047
963;1000;2762238
964;1000;4475266
965;1000;4648811
966;258;1410250
967;1000;3530440
968;1000;7597323
969;1000;4105547
970;1000;3723212
971;0;249163
972;1000;25336954
973;36;771287
974;32;230608
975;52;9218091
976;15;967424
977;37;3167350
978;35;579723
979;0;25373
980;116;12419971
981;3;111136
982;31;423798
983;1000;3095815
984;1000;3868158
985;403;24015703
986;1000;18280478
987;1000;19090247
988;372;51307671
989;65;8958175
990;282;9625850
991;1000;5357261
992;11;4214827
993;731;12107429
994;77;1131457
995;1000;2359926
996;1000;4084602
997;59;327684
998;50;5354656
999;63;686616
1000;0;39670
1001;0;9219
1002;1000;271637910
1003;1000;5354743277
1004;1000;4253216
1005;0;18065
1006;764;3218329
1007;1000;223429765
1008;20;92012
1009;183;1145239
1010;1000;263155142
1011;54;426221
1012;1000;12829321377
1013;1000;3832755722
1014;54;440522
1015;0;16911
1016;233;1290651
1017;1000;322154372
1018;71;459121
1019;1000;311150407
1020;198;191030
1021;1000;360222497
1022;1000;21009513
1023;1000;377681934
1024;156;763132
1025;1000;22727797
1026;1000;274655160
1027;131;933632
1028;1000;474515856
1029;1000;340625141
1030;339;2018921
1031;634;2977028
1032;1000;48738857
1033;351;1862139
1034;1000;42920669
1035;1000;530227750
1036;1000;6127586
1037;1000;31833390
1038;1000;212468358
1039;0;25352
1040;1000;323782436
1041;1000;37508481
1042;1;48561
1043;1000;107964701
1044;357;1472254
1045;1000;434933676
1046;0;21177
1047;1000;6049801
1048;10;87040
1049;14;122660
1050;1000;157918835
1051;1000;3950243882
1052;1000;606589844
1053;1000;811621484
1054;8;87043
1055;0;13520
1056;1000;15179240
1057;1000;647809219
1058;1000;179766633
1059;1000;498453064
1060;74;528349
1061;1000;16144958
1062;1000;112594222
1063;1000;36733024
1064;1000;485166574
1065;1000;57390556
1066;1;43230
1067;1;34750
1068;1000;2319931124
1069;63;492452
1070;1000;5117009
1071;1000;633932655
1072;1000;308072194
1073;1000;65018137
1074;20;203683
1075;751;3644908
1076;1000;819661438
1077;1000;81516760
1078;1000;1352110917
1079;37;302084
1080;309;1943404
1081;0;15632
1082;1000;3084222
1083;1000;13129593
1084;1000;453452825
1085;1000;57635599
1086;1;47686
1087;60;399797
1088;0;12353
1089;0;12230
1090;0;10677
1091;0;11919
1092;1000;1674187078
1093;0;20511
1094;0;13770
1095;0;12347
1096;1;39548
1097;0;12374
1098;0;9938
1099;102;75722
1100;0;11152
1101;150;835325
1102;0;17960
1103;62;333485
1104;67;315888
1105;8;76636
1106;45;321227
1107;1000;125573173
1108;167;296741
1109;922;3615361
1110;1000;4187684
1111;341;809260
1112;2;42612
1113;295;1334264
1114;0;17147
1115;0;12082
1116;0;10238
1117;20;56262
1118;559;2695025
1119;1;29070
1120;1000;761305243
1121;1000;4861840
1122;2;47700
1123;1;27619
1124;1;34158
1125;285;857375
1126;1000;136036421
1127;21;216034
1128;42;331554
1129;1000;1249781970
1130;1000;459958100
1131;131;841411
1132;1;37399
1133;1000;309922906
1134;1000;2640787321
1135;1000;73303242
1136;1000;50852546
1137;29;233254
1138;4;57455
1139;1000;4596480
1140;1000;62818975
1141;29;164085
1142;805;3122421
1143;249;1309459
1144;11;104105
1145;681;2308871
1146;108;566469
1147;54;328344
1148;89;575219
1149;733;3428940
1150;1000;11116762
1151;1000;55502299
1152;7;96325
1153;1000;48165383
1154;318;1130072
1155;3;46815
1156;299;1549222
1157;1;29461
1158;366;1647349
1159;1000;158256110
1160;1000;129230245
1161;1000;75182186
1162;40;264474
1163;1;38733
1164;1;29207
1165;0;16764
1166;204;183000
1167;1000;44413176
1168;1;41892
1169;1000;750788435
1170;473;2364502
1171;7;60342
1172;0;13825
1173;1000;4651044
1174;1000;118442689
1175;1000;26794766
1176;40;297633
1177;1000;29509081
1178;282;1376601
1179;1000;92642384
1180;1;53690
1181;1000;14646430
1182;14;96435
1183;38;222492
1184;114;645756
1185;1;28913
1186;55;246969
1187;1000;16738758
1188;2;57684
1189;23;165033
1190;222;964292
1191;305;796438
1192;1000;6883182
1193;1000;61837946
1194;1000;5324180
1195;3;54360
1196;1000;25245942
1197;0;26800
1198;34;291750
1199;534;2759948
1200;1000;114407078
1201;1000;25797305
1202;45;189582
1203;1000;24443645
1204;1;42357
1205;1;34045
1206;9;65626
1207;20;169880
1208;890;3380968
1209;1000;94684360
1210;1000;24174730
1211;7;90941
1212;1;37587
1213;338;791286
1214;16;108643
1215;1;30570
1216;1;27560
1217;1000;14192345
1218;35;274700
1219;27;197871
1220;1000;72982030
1221;1000;6669457
1222;222;1141778
1223;210;843192
1224;1000;298001318
1225;1000;10014682
1226;1000;48910701
1227;17;141562
1228;277;1363124
1229;114;549262
1230;0;14902
1231;0;2014
1232;1000;6657038
1233;13;145035
1234;6;68068
1235;1000;10776572
1236;38;301793
1237;1000;109602751
1238;1000;3677977
1239;78;421218
1240;1000;213258068
1241;50;378917
1242;320;1774604
1243;1000;692158635
1244;1000;361007453
1245;0;20228
1246;259;1561530
1247;1;58893
1248;1;26450
1249;1000;5008366
1250;1;34817
1251;1;22570
1252;3;34816
1253;2;30523
1254;479;2476813
1255;1;30578
1256;0;11874
1257;0;8722
1258;0;8567
1259;0;8351
1260;0;15072
1261;0;5795
1262;1000;41915873
1263;1000;4705962
1264;150;894564
1265;1000;25740294
1266;1000;10430421
1267;500;2502361
1268;269;1344371
1269;1;32925
1270;1000;6831708
1271;654;2390311
1272;72;381451
1273;860;3125328
1274;34;240946
1275;13;86275
1276;1000;12353543
1277;1000;4395643
1278;1000;51142701
1279;5;77802
1280;185;1089685
1281;70;445863
1282;1000;73198193
1283;27;243323
1284;215;895600
1285;76;450465
1286;1000;42638832
1287;1000;365706261
1288;1;47490
1289;1;21265
1290;1;34617
1291;1;28123
1292;68;394582
1293;9;93993
1294;0;14800
