 Loading the index...
 Index loaded 3819164670 bytes
0;1;2104484
1;1000;2663954
2;1;137903959
3;27;21932047
4;273;2100897
5;1;210397
6;1;1303671
7;2;345657
8;1;5313727
9;1000;2541800
10;2;1513751
11;10;1711531
12;1;9121301
13;81;7080354
14;8;609297
15;11;17895038
16;4;169427
17;10;161081
18;3;24590124
19;2;2148207
20;4;478536
21;50;102998090
22;5;3299381
23;17;37387981
24;2;8458447
25;2;11434100
26;245;1965502
27;10;842472
28;1;270133
29;248;50689592
30;1;2171726
31;2;197163
32;1;12999476
33;1;7347155
34;102;35140961
35;2;4110196
36;11;8175294
37;1;300076
38;9;23662610
39;1;9957666
40;1;122337
41;1;21447656
42;7;1698279
43;1;4316117
44;5;7077001
45;1;458792
46;1;2616188
47;1;743082
48;3;7041405
49;1000;6053772
50;1;2398862
51;1;1887530
52;1;2038443
53;1;1459854
54;1;483911
55;32;488288
56;926;2995012
57;1;277682
58;1;556950
59;1;42846544
60;1;54461134
61;1;267430
62;507;8033459
63;4;1221506
64;2;109796
65;2;1520706
66;1;2334895
67;26;2601063
68;1;642235
69;6;1729990
70;29;145746
71;1;280756
72;1;2171118
73;308;87770644
74;1;701122
75;1;1376342
76;15;2930559
77;24;1501003
78;3;1850037
79;1;1908241
80;16;4542919
81;76;291303
82;1;966029
83;32;1163992
84;56;2169154
85;1;185655
86;37;350967
87;1;698834
88;20;1115071
89;1000;3451007
90;1;4085001
91;35;521575
92;1;2342497
93;22;275935
94;1;446175
95;1;935772
96;1000;4173426
97;4;1031349
98;1;8289689
99;188;2858483
100;1;204699
101;1;1321631
102;1;12317135
103;1;164324
104;1;66409725
105;1;595767
106;9;5755913
107;1;405503
108;76;931310
109;143;2611934
110;7;3073960
111;33;302717
112;688;10030305
113;3;68600226
114;233;5426388
115;1;926592
116;8;1998300
117;7;5813690
118;1000;132197021
119;1;1388731
120;1;8956603
121;2;285697
122;5;1880114
123;1;5223224
124;93;685543
125;1;758869
126;12;982641
127;4;1187962
128;3;2364453
129;1000;1470184
130;1;2598356
131;1;1009908
132;3;7867189
133;2;21495685
134;1;187351
135;1;441417
136;1;42632255
137;120;1035360
138;2;1282610
139;7;12296229
140;365;2001911
141;1;8021790
142;23;2760156
143;7;7014868
144;1;1164566
145;122;3957188
146;2;774850
147;71;787918
148;1;550419
149;61;876273
150;1;835512
151;1;19387026
152;1000;5183677
153;1;25150358
154;9;351146
155;3;2314383
156;6;1069572
157;1;776083
158;7;1035977
159;1;3364010
160;1;772520
161;386;3332263
162;30;1359438
163;1;110843
164;18;559305
165;1000;10559443
166;1;1837429
167;97;455233
168;1000;3496360
169;2;4766154
170;83;71530737
171;1000;3925894
172;2;21908450
173;234;5539243
174;1;12939245
175;1000;690766
176;1;803407
177;1;12038627
178;1;11163414
179;1000;4489446
180;1;185287
181;1;1312331
182;128;2494684
183;1000;9123973
184;1;38507394
185;1;2444344
186;1;27225520
187;1;2722930
188;2;1752886
189;3;732193
190;59;11090562
191;2;5934681
192;1;1812434
193;1;786755
194;1000;5611616
195;1;28569270
196;80;5308211
197;3;36946024
198;8;169813
199;65;8223709
200;1000;1779475
201;2;7420195
202;35;5004492
203;8;1254841
204;1;326252
205;1;2868813
206;3;4732508
207;1;2573054
208;2;231859
209;568;3724927
210;1;17106050
211;113;5404199
212;1;3357798
213;9;1276701
214;1;133179050
215;3;2567028
216;1;1038122
217;1;407367
218;1000;10629699
219;3;1244901
220;3;13865313
221;1;421683
222;1;1507882
223;12;1685343
224;1;1840548
225;3;1954863
226;3;6592882
227;1;2476743
228;1;2897396
229;5;160742
230;34;6212753
231;2;291110
232;31;5559193
233;1;6470093
234;1;7668562
235;1;13365571
236;4;1910426
237;1;337729
238;1;1918169
239;22;24312626
240;1000;19146318
241;12;13298732
242;7;1651946
243;5;1221138
244;1;413572
245;1;402837
246;3;226240
247;1;380240
248;1;1052852
249;4;17580768
250;1;731752
251;2;1391197
252;87;1821386
253;30;4295064
254;2;3072927
255;15;1987981
256;2;2118844
257;1;253080
258;2;910478
259;1;23487516
260;1;711977
261;2;4485959
262;1;822506
263;2;153271
264;2;76236
265;284;2423446
266;1;245614
267;1;1011235
268;3;677952
269;1000;3832965
270;1;3016986
271;1;13179874
272;1000;6108430
273;3;317269
274;2;2975226
275;64;4379607
276;2;123551
277;25;291008
278;5;2420106
279;3;3293305
280;5;399338327
281;1;1408386
282;1;297597
283;12;185608325
284;17;800998
285;1;5260552
286;1000;4304704
287;4;3013683
288;37;3568928
289;1;2199663
290;3;131112099
291;432;1873646
292;1;402983011
293;172;6558328
294;8;631230
295;1;523695
296;38;1298511
297;3;19128599
298;1;6761901
299;1;133439
300;1;4167715
301;10;1550961
302;2;14459357
303;4;2646868
304;6;104979
305;52;1186411
306;1;76315
307;2;6282743
308;4;1086076
309;320;2630089
310;1;169385
311;1;8411520
312;1000;2771456
313;1;4889389
314;1;874631
315;2;4035492
316;24;555342
317;24;586812
318;1;372686
319;1;161602
320;2;257912
321;1;637024
322;1;26584409
323;22;10422966
324;67;2155856
325;1;12710500
326;1;2109230
327;4;101703716
328;1;947607
329;1;80012
330;1;1548397
331;2;1927573
332;21;2538471
333;1;122112110
334;18;1302989
335;1;351795
336;1000;12470174
337;50;14333777
338;830;2719868
339;6;2327321
340;1;929246
341;1;4285991
342;24;71764967
343;7;659345
344;1;1072945
345;1;708811
346;2;21200453
347;1;2152848
348;4;4216240
349;1;690279
350;2;2371571
351;1;45871788
352;48;774181
353;7;1151667
354;9;35902012
355;1000;12437681
356;2;42325084
357;23;4052662
358;1;497207
359;1;9749893
360;1;5042148
361;1;65784151
362;14;1370722
363;30;1391710
364;21;2165681
365;1000;8206174
366;1;24283003
367;1;10527824
368;704;4823291
369;3;2214578
370;1;449372
371;2;617044
372;1;31304711
373;8;185364
374;1000;14723197
375;1;3539928
376;65;556655
377;1;3876691
378;1;4833888
379;1;1722554
380;1000;7649919
381;1;92370
382;1;177576
383;1;71390
384;3;349605
385;1;52317107
386;486;16329142
387;1;303362
388;50;2781005
389;4;92705281
390;1000;4630244
391;6;648204
392;3;530952
393;16;3261460
394;883;17584153
395;1;4639125
396;1000;6959005
397;221;99768052
398;20;1199886
399;1;5934716
400;1;1179644
401;1;1045846
402;23;2548615
403;1000;2505336
404;2;2202508
405;2;455249
406;4;2400342
407;4;6557643
408;59;650223390
409;1;2097739
410;6;57658820
411;1;475680
412;1;39501979
413;14;2399431
414;2;8341070
415;3;3564769
416;141;2791188
417;1;764965
418;1;274376
419;3;1440422
420;151;2178054
421;2;3160873
422;25;281940
423;1;1620874
424;1;4661050
425;1;31225359
426;1;10989316
427;1;8510699
428;1;624955
429;1;18526264
430;2;2651491
431;117;1335586
432;2;87281
433;49;21100370
434;1;545057
435;2;3014033
436;1;732070
437;1;110654
438;1;750682
439;3;546158
440;2;1616531
441;2;2297721
442;10;8157982
443;1000;11053455
444;1;1221844
445;1;247020
446;7;1445311
447;3;1825859
448;2;9165518
449;32;1563268
450;2;949649
451;56;11249067
452;1000;3793597
453;1000;2692571
454;1;8645092
455;29;7045456
456;5;443970
457;1;113353
458;328;1833603
459;1;1557887
460;83;5455378
461;6;963742
462;1;2466433
463;1;5601836
464;4;494510
465;1;3440407
466;2;9271339
467;1;532635
468;19;1644839
469;1;910965
470;1000;4449649
471;1;2639688
472;1;420596
473;2;5811167
474;1;1390096
475;248;2457439
476;1;1916904
477;349;2785404
478;1;2583246
479;2;449690
480;14;6475312
481;73;9353587
482;2;892114
483;2;573838
484;1;185071
485;1;92893
486;1;3871534
487;1;2936023
488;20;2222398
489;48;16966515
490;1;4701155
491;1;38548073
492;120;1045689
493;1;820097
494;1;1812368
495;1000;17809702
496;153;5187530
497;3;629253067
498;1;625216
499;3;4439467
500;1;19142589
501;1;455335
502;150;1161353
503;29;1654912
504;1;800068
505;1;155158
506;1;98972
507;1;322994
508;11;1171042
509;1;170699
510;1000;71631062
511;1;894307
512;4;4882724
513;117;6299651
514;2;1180554
515;1;58285613
516;26;16235437
517;4;60418667
518;13;986107
519;1;246579
520;18;8403227
521;4;38954139
522;1000;5294208
523;1;3668467
524;532;11613396
525;1;5770073
526;1;11174665
527;131;6095113
528;1;838956
529;1;14823502
530;1;164624
531;6;752965
532;141;793271
533;8;3691303
534;250;17848519
535;1000;4394819
536;149;2793983
537;4;461515
538;4;560332
539;2;338988
540;3;711106
541;1;1543932
542;1;349787
543;5;5508020
544;1;270924
545;1;105032
546;6;301401
547;1;928772
548;3;1164967
549;1000;4892141
550;1;10246053
551;2;221461
552;1;130780
553;1;432561
554;7;412202
555;1;13508584
556;1;662440
557;1;4087275
558;309;4964979
559;6;940415
560;1;1280856
561;3;8064791
562;12;11472034
563;1000;4064659
564;3;939477
565;1;2193482
566;2;568950
567;2;318353
568;6;142881
569;326;7751218
570;13;117785322
571;1;25777907
572;77;1319742
573;3;1859621
574;1;1152636
575;1;812204
576;1;1164204
577;1;1330618
578;1;4035784
579;697;3049333
580;9;5763453
581;3;21257936
582;1;68813
583;1;115077
584;1;15596626
585;3;231677
586;2;1513609
587;3;1126955
588;4;1139654
589;1;350848
590;1;10704726
591;2;1176559
592;2;102176057
593;6;2286116
594;1;4114999
595;1000;4566988
596;5;262035
597;1;117963
598;2;282180
599;1;604079
600;1000;7752307
601;1000;2705033
602;279;823978
603;448;1799944
604;263;9366180
605;1;764704
606;1;530233
607;1000;8465377
608;30;25369765
609;2;20746007
610;1;4285477
611;1;1467267
612;1;1404122
613;2;145258423
614;1;7294299
615;193;4503064
616;16;12575536
617;3;340335
618;3;1083821
619;26;309057317
620;2;88568
621;1;225649
622;18;947832
623;2;4042310
624;23;6691848
625;3;843715
626;1;436070
627;1;83094
628;5;289452
629;4;1128299
630;1000;4528642
631;523;7678119
632;39;5034598
633;52;2767791
634;10;1922701
635;1;314837
636;1;2713642
637;2;1035196
638;6;718814
639;2;2173896
640;250;2757896
641;3;1768015
642;3;3700067
643;3;912428
644;3;102435
645;1;486079
646;1;192988
647;476;979354
648;2;589017
649;1;941576
650;3;1548569
651;1;563175
652;2;1638465
653;109;1344259
654;8;1888013
655;13;1760579
656;30;2575432
657;3;1302301
658;8;2554469
659;2;2716253
660;2;4463647
661;1;765974
662;2;50653204
663;806;26359726
664;3;4110831
665;3;4448420
666;1;1236119
667;1;4637627
668;1;5806392
669;1000;7794982
670;9;46378512
671;5;12994666
672;2;338488
673;1;2627743
674;2;2716006
675;1;22388013
676;2;1208824
677;10;1568009
678;1;61815
679;37;921556
680;1;197980
681;1;410360
682;1000;2322675
683;2;1229066
684;108;520370
685;3;492884
686;1;1112683
687;2;1599452
688;9;760161
689;1;2200055
690;2;572477
691;2;1130234
692;1;5464634
693;1;410092
694;1;961422
695;85;899855
696;240;1375772
697;1;1170824
698;1;852901
699;4;7629249
700;3;198735
701;3;20329456
702;8;12903608
703;14;969116
704;12;650664
705;36;3993363
706;1;267752
707;1;224365
708;447;1931988
709;125;1296641
710;61;7639455
711;7;4815910
712;1;268434317
713;2;1079737
714;1000;29132798
715;143;16357470
716;1;2135527
717;1;5070505
718;1;1081592
719;1;9373341
720;2;916501
721;3;534150
722;597;27505261
723;1;474851
724;322;6349820
725;1;6525247
726;2;8076230
727;1;10221711
728;9;2407368
729;177;2460654
730;2;800649
731;1000;3559019
732;6;2261128
733;1;4339323
734;1;237454
735;7;988029
736;13;1415091
737;3;4614562
738;1;101429990
739;1;44940893
740;7;483877
741;47;4239462
742;1;2390251
743;1;5251247
744;1;131691
745;1;69782
746;1;27220820
747;1;111390
748;1;319107
749;3;926055
750;8;7633082
751;534;3614630
752;1;2998575
753;7;16469611
754;6;358037539
755;1000;5417971
756;1;1315444
757;1;4597439
758;1;98853
759;1;2653913
760;1;722312
761;24;1292542
762;6;5121821
763;12;1714794
764;4;170872
765;4;337055
766;1;208069
767;5;1492771
768;1;393431
769;14;1446109
770;9;115457236
771;39;376767
772;889;12078539
773;1;2664545
774;3;10171594
775;587;11051895
776;10;578032
777;4;1039787
778;3;369430
779;1;1605999
780;5;2825210
781;19;486675
782;1;6874475
783;1;128918
784;2;113350
785;2;1237756
786;2;1016371
787;2;2412986
788;20;506069
789;1;301270
790;1000;11838792
791;1;1701618
792;3;28063482
793;10;171942
794;9;2221748
795;7;1605240
796;510;518740
797;2;24157466
798;1;5384241
799;1;7516958
800;1000;4012770
801;1;89454
802;2;120928
803;724;9743198
804;113;11170901
805;1;145510
806;42;636023
807;7;1632092
808;8;2158956
809;2;491243
810;21;191539
811;6;343106725
812;2;2602066
813;2;6568035
814;1;346742
815;5;1935397
816;202;6817179
817;1;5065581
818;1;1783874
819;2;692703
820;6;9468054
821;23;284169276
822;3;574119
823;1;558447
824;1;59058
825;4;680119
826;1000;10367797
827;81;3548405
828;2;1816236
829;1;3529856
830;264;7302057
831;1;3123607
832;63;1618774
833;1;12545284
834;3;92468
835;4;368175
836;1;654392
837;1;42367438
838;5;154375745
839;126;882840
840;1;138409
841;11;2999031
842;19;4172474
843;1;26818058
844;37;362977
845;1;5182666
846;1;5560631
847;3;4351900
848;3;267536
849;2;873478
